11111111111110011111111111111111
11111111111000000011111111111111
11111111110000000001111111111111
11111111100000000000111111111111
11111111000000000000011111111111
11111111000000000000011111111111
11111110000000000000001111111111
11111100000011100000001111111111
11111110000011111000000111111111
11111110000001111000000111111111
11111111000001111100000111111111
11111111000001111110000011111111
11111111000001111110000001111111
11111111000011111111000001111111
11111110000011111111000001111111
11111111000011111111100001111111
11111110000011111111100001111111
11111111000011111111100001111111
11111110000011111111100000111111
11111110000011111111100000111111
11111111000011111111100001111111
11111111000011111111100001111111
11111111000011111111100001111111
11111111000001111111000001111111
11111111000001111111000001111111
11111111000001111110000011111111
11111111000000111000000011111111
11111111000000000000000111111111
11111111100000000000000111111111
11111111110000000000001111111111
11111111110000000000111111111111
11111111111110000011111111111111
