11111111111111000011111111111111
11111111111100000001111111111111
11111111111100000000011111111111
11111111111000000000111111111111
11111111100000000000011111111111
11111111100000000000000111111111
11111111100000000000000011111111
11111111100000000000000011111111
11111111000010000000000011111111
11111111000110000000000011111111
11111111001100000011000000111111
11111110001100000111000000011111
11111110001100000111110000011111
11111111001100000111110000011111
11111110011000001111110000111111
11111110011000001111110000111111
11111111111000011111111000111111
11111111111000001111110000111111
11111111111000001111110000111111
11111111110000011111100001111111
11111111110000011111100001111111
11111111110000011111000001111111
11111111110000011111000001111111
11111111111000011111000011111111
11111111111000001110000011111111
11111111110000011000000111111111
11111111110000011000001111111111
11111111110000000000001111111111
11111111111000000000001111111111
11111111111100000000111111111111
11111111111000000001111111111111
11111111111100000011111111111111
