11111111111100001111111111111111
11111111111000000111111111111111
11111111110000000011111111111111
11111111111000000000011111111111
11111111110000000000001111111111
11111111110000000000000111111111
11111111100000010000000111111111
11111111100000111000000111111111
11111111100000111100000011111111
11111111000001111110000001111111
11111110000011111110000001111111
11111110000011111111100001111111
11111110000011111111100000111111
11111110000011111111100000111111
11111110000011111111100000111111
11111110000011111111100000111111
11111100000011111111100000111111
11111110000011111111110000111111
11111110000001111111110000111111
11111110000011111111110000111111
11111110000011111111100000111111
11111110000011111111100000111111
11111110000001111111100000111111
11111110000001111110000001111111
11111111000001111110000001111111
11111111000000111100000011111111
11111111100000111100000111111111
11111111100000000000000111111111
11111111100000000000000111111111
11111111110000000000011111111111
11111111111100000000001111111111
11111111111111000001111111111111
