11111111111111000001111111111111
11111111111100000000111111111111
11111111111000000000001111111111
11111111100000000000001111111111
11111111000000000000000111111111
11111111000000000000000111111111
11111111000000000000000111111111
11111110000000111000000011111111
11111110000000111100000011111111
11111110000000111110000001111111
11111110000000111110000001111111
11111110000001111111000001111111
11111110000001111111100001111111
11111110000001111111100001111111
11111110000001111111100001111111
11111100000011111111100001111111
11111110000011111111110000111111
11111110000011111111100000111111
11111110000001111111100000111111
11111110000001111111100000111111
11111110000001111111100001111111
11111110000001111111000001111111
11111111000000111111000001111111
11111111000000111110000001111111
11111111000000011100000001111111
11111111100000011000000011111111
11111111100000010000000111111111
11111111110000000000000111111111
11111111110000000000001111111111
11111111111000000000001111111111
11111111111100000000111111111111
11111111111100000001111111111111
