11111111111100000111111111111111
11111111110000000011111111111111
11111111100000000001111111111111
11111111110000000000111111111111
11111111110000000000011111111111
11111111100000000000001111111111
11111111000000000000001111111111
11111110000000110000000111111111
11111110000001111100000111111111
11111110000001111100000111111111
11111110000001111100000111111111
11111100000001111110000011111111
11111110000000111111000001111111
11111110000000111111100001111111
11111110000011111111100001111111
11111110000011111111100000111111
11111110000011111111100000111111
11111100000011111111100000111111
11111100000011111111100000111111
11111100000011111111100000111111
11111100000001111111110000111111
11111111000000111111110000011111
11111111000000111111110000011111
11111111100000111111000000011111
11111111100000011111000000111111
11111111100000000000000000111111
11111111100000000000000001111111
11111111100000000000000011111111
11111111100000000000000111111111
11111111100000000000000111111111
11111111111100000000001111111111
11111111111110000000111111111111
