11111111111110011111111111111111
11111111111100001111111111111111
11111111110000000001111111111111
11111111111000000000011111111111
11111111110000000000001111111111
11111111100000000000000111111111
11111111100000000000000111111111
11111111100000010000000011111111
11111111100000011111000001111111
11111111100000111111100001111111
11111111000000111111100001111111
11111111000001111111100001111111
11111111000011111111100001111111
11111110000011111111100001111111
11111111000001111111100000111111
11111111000001111111100000111111
11111111000001111111100000111111
11111111000011111111100000111111
11111110000011111111000001111111
11111111000001111111100000111111
11111111000011111111000001111111
11111111000011111110000011111111
11111110000011111110000011111111
11111110000011111100000011111111
11111111000011111000000111111111
11111111100000110000000011111111
11111111100000000000000111111111
11111111100000000000000111111111
11111111100000000000001111111111
11111111110000000000001111111111
11111111111000000000001111111111
11111111111110001111111111111111
