11111111111000001111111111111111
11111111111000001110111111111111
11111111110000001000001111111111
11111111100000001100000111111111
11111111000000001100000111111111
11111111000000001000000111111111
11111111000000000100000011111111
11111111000011111110000001111111
11111110000011111111000001111111
11111110000011111111000001111111
11111110000011111111000011111111
11111110000111111111000011111111
11111110000111111111000011111111
11111110000011111111100001111111
11111110000011111111000001111111
11111110000111111111000001111111
11111110000111111111000011111111
11111100000111111110000011111111
11111110000111111110000111111111
11111110000111111110000111111111
11111111000011111111000111111111
11111110000011111110000111111111
11111110000011111100001111111111
11111110000011111000001111111111
11111110000011110000001111111111
11111111000011110000011111111111
11111111000011000000111111111111
11111111100000000000111111111111
11111111100000000000111111111111
11111111110000000001111111111111
11111111110000000111111111111111
11111111111000011111111111111111
