11111111111000000001111111111111
11111111111000000000111111111111
11111111100000000000001111111111
11111111100000000000000111111111
11111111100000000000000111111111
11111111100000000000000011111111
11111111000000000110000011111111
11111111000000000111000011111111
11111111000001101111110001111111
11111111000011111111110001111111
11111111000011111111110001111111
11111111000011111111110001111111
11111110000111111111110001111111
11111110000111111111110001111111
11111111000111111111110000111111
11111111000111111111110000111111
11111110000111111111110000111111
11111110000111111111100001111111
11111110001111111111100001111111
11111111000111111111100001111111
11111111000111111111100001111111
11111110000111111111000011111111
11111110000111111110000011111111
11111110000111111110000011111111
11111110000111111000001111111111
11111111000011111000000111111111
11111111000011110000001111111111
11111111000001100000011111111111
11111111100000000000111111111111
11111111100000000001111111111111
11111111111000000000111111111111
11111111111110000111111111111111
