11111111111000001111111111111111
11111111110000000111111111111111
11111111100000000111111111111111
11111111100000000011111111111111
11111111100000000011111111111111
11111111100000000010011111111111
11111111000000000000001111111111
11111111000001100000000011111111
11111110000011000000000001111111
11111110000010000000000001111111
11111110000000000000000001111111
11111110000110000000000000111111
11111110000110000000000000111111
11111110000110000000000000111111
11111110000111011111100000111111
11111110000111111111100000111111
11111110000111111111100000111111
11111100000111111111100000111111
11111100000111111111100000111111
11111100000111111111100000111111
11111100000111111111100000111111
11111110000111111111100000111111
11111110000111111111100000111111
11111110000011111111000000111111
11111110000011111000000000111111
11111110000000000000000000111111
11111111000000000000000001111111
11111111000000000000000011111111
11111111000000000000000011111111
11111111100000000000000111111111
11111111110000000000011111111111
11111111111110011111111111111111
