11111111111111100011111111111111
11111111111110000001111111111111
11111111111100000000111111111111
11111111111110000000011111111111
11111111111100000000001111111111
11111111111000000000001111111111
11111110011000000110000111111111
11111110000000001110000011111111
11111100000000111111100011111111
11111100000000111111100011111111
11111100000000111111110011111111
11111100000000111111111001111111
11111100000000111111111001111111
11111100000000111111111001111111
11111100011001111111111001111111
11111110001100111111111000111111
11111110011111111111111000111111
11111110001111111111111000111111
11111111000111111111111000011111
11111110000111111111111000111111
11111110000111111111110000111111
11111111000111111111100001111111
11111111100011111111110000111111
11111111100001111111100000111111
11111111100000111111000011111111
11111111110001111100000011111111
11111111111000000000000011111111
11111111111000000000000111111111
11111111111000000000000111111111
11111111111100000000001111111111
11111111111111000000111111111111
11111111111111100111111111111111
