11111111111100001111111111111111
11111111111100000011111111111111
11111111110000000001111111111111
11111111110000000000111111111111
11111111100000000000111111111111
11111111000000000000001111111111
11111111000000000000000111111111
11111111000000000000000011111111
11111111000000000000000011111111
11111110000000000111000001111111
11111110000000001111100001111111
11111110000000011111110001111111
11111100001100111111110001111111
11111110001110011111111000111111
11111110001111111111111000111111
11111110001111111111111000111111
11111110001111111111111000111111
11111110001111111111110000111111
11111110011111111111110000111111
11111100011111111111110001111111
11111110000111111111111000111111
11111110001111111111100000111111
11111111000111111111100001111111
11111111000111111111000001111111
11111111000111111110000011111111
11111111000111111110000011111111
11111111000011111100000111111111
11111111100001111100000011111111
11111111110000000000001111111111
11111111110000000000011111111111
11111111111000000000111111111111
11111111111110000111111111111111
