11111111111111001111111111111111
11111111111110000001111111111111
11111111111000000000001111111111
11111111111000000000000111111111
11111111100000000000000011111111
11111111000000010000000011111111
11111110000000110000000011111111
11111110000001111000000011111111
11111110000001111111000001111111
11111110000011111111100001111111
11111110000111111111110001111111
11111110001111111111110001111111
11111100011111111111110001111111
11111100011111111111110001111111
11111110001111111111111000111111
11111110001111111111111000111111
11111110001111111111111000111111
11111110011111111111110000111111
11111100001111111111110001111111
11111110000111111111111000111111
11111111000111111111111000111111
11111111000111111111100000111111
11111111000111111111100001111111
11111111000111111111000001111111
11111111000011111111000011111111
11111111110001111111000001111111
11111111110000011111000011111111
11111111110000001100000011111111
11111111111000000000001111111111
11111111111000000000001111111111
11111111111110000000001111111111
11111111111111111011111111111111
