11111111111000111111111111111111
11111111111000011111111111111111
11111111110000000011111111111111
11111111110000000000111111111111
11111111110000000000111111111111
11111111100000000000011111111111
11111111100000000000011111111111
11111111110000001100000011111111
11111111100000011110000011111111
11111111000000011110000011111111
11111111000001111110000011111111
11111111100000111111000001111111
11111111000001111111000001111111
11111111000011111111000001111111
11111111000011111111000001111111
11111111100001111111100000111111
11111111000011111111000011111111
11111111000011111111000011111111
11111111100001111111100001111111
11111111100001111111000011111111
11111111100001111110000011111111
11111111100001111110000011111111
11111111100001111110000011111111
11111111100001111100000111111111
11111111100001111000000111111111
11111111100001110000001111111111
11111111110000010000001111111111
11111111110000000000011111111111
11111111110000000000111111111111
11111111110000000001111111111111
11111111111000000001111111111111
11111111111111001111111111111111
