11111111111110001111111111111111
11111111111000000011111111111111
11111111110000000001111111111111
11111111100000000001111111111111
11111111100000000000111111111111
11111111000000110000011111111111
11111110000001110000001111111111
11111110000011110000001111111111
11111100000111100000000111111111
11111110000111111000000011111111
11111110000111111001000001111111
11111100001111111101100001111111
11111100001111111111100001111111
11111100001111111111100001111111
11111110001111111111110000111111
11111100011111111111110000111111
11111100011111111111110000111111
11111100011111111111110000111111
11111100011111111111110000111111
11111110001111111111110000111111
11111110001111111111110000111111
11111110001111111111110000111111
11111110000111111111100000111111
11111110000111111111100001111111
11111111100001111111100001111111
11111111100001111111000001111111
11111111100000111110000011111111
11111111100000001000000011111111
11111111110000000000000111111111
11111111111100000000000111111111
11111111111100000000001111111111
11111111111111111111111111111111
