11111111111111001111111111111111
11111111111110000011111111111111
11111111111000000000111111111111
11111111110000000000111111111111
11111111110000000000111111111111
11111111110000000000011111111111
11111111100000111100001111111111
11111111000001111110001111111111
11111111000000111111000111111111
11111110000000111111100111111111
11111110000001111111100011111111
11111111000001111111110001111111
11111111000001111111110001111111
11111110000011111111111001111111
11111110000111111111110001111111
11111111000111111111111000111111
11111110000111111111111000111111
11111110001111111111111000111111
11111111000111111111111100011111
11111110000111111111111100111111
11111110000111111111111000111111
11111110000111111111111000111111
11111111000011111111111000011111
11111111000011111111111000111111
11111111000011111111110000111111
11111111100001111111110000011111
11111111100000000100000000111111
11111111110000000000000000111111
11111111111000000000000000111111
11111111111000001000000000111111
11111111111110100000000111111111
11111111111111100000011111111111
