11111111111110000001111111111111
11111111111100000000111111111111
11111111111000000000001111111111
11111111111000000000000011111111
11111111110000000000000011111111
11111111110000011111000001111111
11111111110000011111000001111111
11111111100000011111100001111111
11111111100000111111110001111111
11111111100000111111110001111111
11111111000000111111110001111111
11111111000001111111110001111111
11111111100001111111111000111111
11111111000001111111111000111111
11111111000001111111111000111111
11111111000001111111110000111111
11111110000011111111110000111111
11111110000111111111110000111111
11111110000111111111110000111111
11111110000111111111110111111111
11111110000111111111100001111111
11111110000111111111100000111111
11111111000111111111000001111111
11111111000111111111110001111111
11111111000011111100000011111111
11111111000001111000000011111111
11111111000000000000000111111111
11111111100000000100000111111111
11111111110000000000111111111111
11111111111000000000111111111111
11111111111100000000111111111111
11111111111111100111111111111111
