11111111111111000011111111111111
11111111111100000000111111111111
11111111111100000000001111111111
11111111110000000000001111111111
11111111100000000000000111111111
11111111000000000000000011111111
11111111000000000000000011111111
11111111000000000000000001111111
11111110000000000011000001111111
11111100000000000011000001111111
11111110000000000111110000111111
11111100011000001111110000111111
11111100010000011111111000111111
11111111110000011111111000111111
11111111100000011111110000111111
11111111100000011111110000111111
11111111100001111111110000111111
11111111100001111111110000111111
11111111100001111111110001111111
11111111100001111111100001111111
11111111100001111111100001111111
11111111100001111111100001111111
11111111100001111111100111111111
11111111110000111111000001111111
11111111110000111110000001111111
11111111110000111100000001111111
11111111110000000000000011111111
11111111110000000000000111111111
11111111111000000000001111111111
11111111111100000000111111111111
11111111111110000011111111111111
11111111111111101111111111111111
