11111111111110000011111111111111
11111111111100000001111111111111
11111111111000000000111111111111
11111111110000000000011111111111
11111111100000000000001111111111
11111111000000000000001111111111
11111111000000100000000111111111
11111110000001111110000111111111
11111110000001111110000111111111
11111110000011111111000011111111
11111111000011111111100001111111
11111110000011111111110001111111
11111110000111111111111001111111
11111100000111111111111001111111
11111100000111111111111000111111
11111110000111111111111000111111
11111110000111111111111000111111
11111110001111111111111000111111
11111110000111111111111000111111
11111110000111111111111000111111
11111111100111111111110000111111
11111111000011111111100000111111
11111111000011111110000000111111
11111111100000010000000000111111
11111111100000010000000000111111
11111111100000000000000000111111
11111111110000000000000001111111
11111111110000000000000011111111
11111111111000000000000111111111
11111111111000000000001111111111
11111111111100000000111111111111
11111111111110011111111111111111
