11111111111110001011111111111111
11111111111100000001111111111111
11111111110000000000111111111111
11111111110000000000001111111111
11111111100000000000000111111111
11111111100000000000000111111111
11111111100000000000000011111111
11111111000000000000000011111111
11111111000000011100000011111111
11111110000011111111000011111111
11111000000011111111000001111111
11111000000011111111100001111111
11111100000001111111111000111111
11111100000001111111111000111111
11111100000001111111111000111111
11111100000001111111111000111111
11111100000001111111111000111111
11111100000001111111111000111111
11111100000001111111110000111111
11111100000111111111110000111111
11111100000111111111100000111111
11111110000011111111110000011111
11111110000001111111000000011111
11111111000000101100000000111111
11111111000000000000000000111111
11111111100000000000000000111111
11111111100000000000000001111111
11111111100000000000000001111111
11111111110000000000000011111111
11111111110000000000000111111111
11111111111100000000001111111111
11111111111110000000111111111111
