11111111111101111111111111111111
11111111111000111000111111111111
11111111110000000000011111111111
11111111000000000000011111111111
11111111000000000000001111111111
11111111000000000000000111111111
11111111000000000000000011111111
11111111000000000010000011111111
11111111000000001111000011111111
11111110000000011111110001111111
11111110000011111111110001111111
11111110000111111111110001111111
11111110000111111111110001111111
11111111000111111111111000111111
11111110000111111111111000111111
11111110000111111111111000111111
11111110000111111111110000111111
11111100001111111111110000111111
11111100001111111111100001111111
11111100001111111111100001111111
11111110000111111111100000111111
11111110000111111111000000111111
11111110000111111110000001111111
11111110000011111100000001111111
11111110000011111000000011111111
11111110000000000000000011111111
11111111000000000000000111111111
11111111100000000000000111111111
11111111100000000000001111111111
11111111110000000000111111111111
11111111110000000001111111111111
11111111111100000111111111111111
