11111111111101111111111111111111
11111111111000000111111111111111
11111111110000000011111111111111
11111111111001000000111111111111
11111111110000000000111111111111
11111111100000000000011111111111
11111110000000000000001111111111
11111110000000000000000111111111
11111110000000111000000111111111
11111110000001111110000011111111
11111110000011111110000011111111
11111100000011111111000011111111
11111100000011111111000011111111
11111100100111111111100011111111
11111100000011111111110011111111
11111100000111111111110001111111
11111100000111111111110001111111
11111110000111111111110001111111
11111100000111111111110001111111
11111100000111111111110001111111
11111100001111111111110001111111
11111110001111111111110001111111
11111110000111111111110001111111
11111110000111111111100000111111
11111110000001111110000001111111
11111111000000000000000001111111
11111111000000000000000001111111
11111111100000000000000011111111
11111111100000000000000011111111
11111111110000000000000111111111
11111111111100000000000111111111
11111111111111000000111111111111
