11111111111111110000001111111111
11111111111110000000001111111111
11111111111100000000000111111111
11111111110000000000000111111111
11111111110000000111000001111111
11111111110000000111000001111111
11111111100000001111100001111111
11111111100000011111100001111111
11111111000001111111110000111111
11111110000011111111110000111111
11111110000011111111100000111111
11111110000111111111100000111111
11111110000111111111100000111111
11111100000111111111100001111111
11111100001111111111100001111111
11111100001111111111100001111111
11111100001111111111100001111111
11111100001111111111100001111111
11111100001111111111000001111111
11111100001111111111000001111111
11111110000111111110000001111111
11111110000111111100000011111111
11111110000111111100000111111111
11111111000111110000000111111111
11111111000111110000001111111111
11111111000001100000011111111111
11111111100000000000011111111111
11111111100000000000011111111111
11111111110000000000011111111111
11111111111100000000011111111111
11111111111111000001111111111111
11111111111111110111111111111111
