11111111111111100001111111111111
11111111111111000000111111111111
11111111111100000000011111111111
11111111111000000000011111111111
11111111110000000000001111111111
11111111100000000000000111111111
11111111100000001100000011111111
11111111100000111111000011111111
11111111100000111111000011111111
11111111000001111111000001111111
11111110000001111111000001111111
11111110000011111111100001111111
11111110000111111111100001111111
11111111000011111111110000111111
11111110000111111111110000111111
11111110000111111111110000111111
11111110000111111111110000111111
11111110001111111111110000111111
11111100001111111111100000111111
11111100001111111111100000111111
11111110000111111111110000011111
11111110000111111111110000111111
11111111000111111111100000111111
11111111000111111111000001111111
11111111000111111111000001111111
11111111000011111111000001111111
11111111000001111100000011111111
11111111110000000000000001111111
11111111110000000000000001111111
11111111111100000000000111111111
11111111111100000000000111111111
11111111111111000000011111111111
