11111111111110000111111111111111
11111111111100000001111111111111
11111111111000000000111111111111
11111111110000000000011111111111
11111111100000000000001111111111
11111111100000000000001111111111
11111111110000001111000111111111
11111111100000111111000011111111
11111111000001111111000011111111
11111111000011111111100011111111
11111111000011111111100001111111
11111111000111111111100011111111
11111110000111111111100011111111
11111110000011111111110001111111
11111110000011111111110000111111
11111100000111111111110000111111
11111100000111111111110001111111
11111110000111111111100001111111
11111110000111111111100011111111
11111110000111111111100011111111
11111111000011111111100001111111
11111111000011111111000001111111
11111111000011111111000011111111
11111111000001111100000011111111
11111111000001111100000011111111
11111111000000000000000111111111
11111111000000000000001111111111
11111111110000000000000111111111
11111111111000000000011111111111
11111111111000000001111111111111
11111111111100000111111111111111
11111111111110011111111111111111
