11111111111100111111111111111111
11111111111000011111111111111111
11111111111000000001111111111111
11111111111000000000111111111111
11111111110000000000001111111111
11111111110000000000001111111111
11111111000000000000000111111111
11111111000000000000000011111111
11111111000000000000000011111111
11111111000000000000000001111111
11111111000000001110000001111111
11111110000000001110000001111111
11111100000000001111000001111111
11111100000000001111000001111111
11111100000000011111100001111111
11111110000000011111100001111111
11111110000000011111100000111111
11111111000000111111100001111111
11111111000000111111100001111111
11111111000000111111100001111111
11111111000000111111000001111111
11111111000000111110000001111111
11111111000000111110000001111111
11111111100000111100000001111111
11111111100000000000000001111111
11111111100000000000000011111111
11111111100000000000001111111111
11111111100000000000001111111111
11111111100000000000011111111111
11111111111000000000111111111111
11111111111000000001111111111111
11111111111110001111111111111111
