11111111111111100111111111111111
11111111111100000011111111111111
11111111111100000011111111111111
11111111111100000000011111111111
11111111111000000000001111111111
11111111110000000000000111111111
11111111100000000000000111111111
11111111100000000000000111111111
11111111110000000000000011111111
11111111110000000111000001111111
11111111110000011111000001111111
11111111110000011111000001111111
11111111110000111111000001111111
11111111110000111111000001111111
11111111111000011111110000111111
11111110011000011111110000111111
11111110011000011111110000111111
11111100000000011111110000111111
11111100000000001111100000111111
11111110000000000011100000011111
11111110000000000011000000011111
11111110000000000011000000011111
11111110000000000000000000111111
11111110000000000000000000111111
11111111000000000000000001111111
11111111100000000000000000111111
11111111110000000000000001111111
11111111110000000000000111111111
11111111110000000000000111111111
11111111111100000000011111111111
11111111111110000000001111111111
11111111111111000000011111111111
