11111111111101111111111111111111
11111111110000111111111111111111
11111111110000111111011111111111
11111111100001100000000111111111
11111111000000000000000011111111
11111111000000000000000001111111
11111111000000000000000001111111
11111111000000000000000000111111
11111111000000000000000000111111
11111111000000000001100000111111
11111110000000000111100000111111
11111111000000001111110000111111
11111100000000011111100001111111
11111100000000011111100000111111
11111110000001111111100001111111
11111110000111111111100001111111
11111110000111111111100001111111
11111100000111111111100001111111
11111100000111111111100001111111
11111110000111111111000001111111
11111110000111111110000001111111
11111100000111111100000011111111
11111110000111111100000111111111
11111110000111111000000111111111
11111110000011111000001111111111
11111110000000100000001111111111
11111110000000000000001111111111
11111110000000000000011111111111
11111111100000000000111111111111
11111111110000000001111111111111
11111111100000001111111111111111
11111111111100011111111111111111
