11111111111110001111111111111111
11111111111000000011111111111111
11111111111000000011111111111111
11111111111000000001111111111111
11111111110000000000111111111111
11111111000000000001111111111111
11111111000000000001111111111111
11111111100000001111111111111111
11111110000000111111111111111111
11111110000000111111111111111111
11111100000001111101111111111111
11111110000001100000000111111111
11111110000001000000000111111111
11111110000011000000000011111111
11111100000011000000000011111111
11111110000011100000000000111111
11111110000111100000000000111111
11111110000111110011100000111111
11111111000111111111111000011111
11111111000111111111111100011111
11111111000111111111111100011111
11111110000011111111111100011111
11111111000001111111111110001111
11111111100001111111111100001111
11111111100000011111100000001111
11111111100000000000000000001111
11111111110000000000000000001111
11111111111000000000000000001111
11111111111000000000000000011111
11111111111000000000000000111111
11111111111111000000000000111111
11111111111111111000000011111111
