11111111111111001111111111111111
11111111111000000111111111111111
11111111111000000011111111111111
11111111110000000011111111111111
11111111100000000001111111111111
11111111000001110001111111111111
11111111100001111000111001111111
11111111100001111100010001111111
11111111000011111100010001111111
11111111000111111100010001111111
11111110000111111110000001111111
11111110000111111110000001111111
11111110001111111110001001111111
11111111000111111111000000111111
11111110001111111110001000111111
11111110001111111110000000111111
11111110001111111110001000111111
11111110001111111110001000111111
11111110001111111110001000111111
11111100001111111110011000111111
11111110001111111111111100011111
11111110001111111111111100011111
11111110001111111111111100011111
11111110001111111111111000011111
11111110000111111111110000111111
11111111000011111111110000111111
11111111000011111111100001111111
11111111100000111111100000111111
11111111110000000000000001111111
11111111111000000000000001111111
11111111111100000000000111111111
11111111111110000000001111111111
