11111111111111000111111111111111
11111111111100000011111111111111
11111111111000000001111111111111
11111111110000000000111111111111
11111111110000000000001111111111
11111111100000000000001111111111
11111111000000000000001111111111
11111111000000111000000011111111
11111111000000111100000001111111
11111111000000111100000001111111
11111110000001111100000001111111
11111110000011111100000011111111
11111110000111111110000011111111
11111110000111111110000011111111
11111110000011111110000001111111
11111110000011111110000011111111
11111110000011111110000011111111
11111110000011111110000011111111
11111110000011111110000011111111
11111110000011111111100001111111
11111110000011111111100001111111
11111110000011111111100001111111
11111110000011111111100001111111
11111110000001111111100001111111
11111110000001111111000001111111
11111111000000111110000001111111
11111111100000000000000001111111
11111111100000000000000011111111
11111111110000000000001111111111
11111111111000000000011111111111
11111111111110000000011111111111
11111111111111101111111111111111
