11111111111100111111111111111111
11111111111000011111111111111111
11111111110000011111111111111111
11111111100000011111111111111111
11111111100000011111111111111111
11111111000000011111111111111111
11111111000000011111011111111111
11111110000000011100000111111111
11111110000111000000000011111111
11111100000111100000000011111111
11111110000111110000000000111111
11111110000111110000000000111111
11111110000111110000000000111111
11111110001111110001111000111111
11111110001111110111111000111111
11111100001111111111111000111111
11111100001111111111111000111111
11111100001111111111111000111111
11111100001111111111111000111111
11111100001111111111111000111111
11111100001111111111111000111111
11111100001111111111111000111111
11111100001111111111111000111111
11111110000111111111111000011111
11111111000011111111100000111111
11111111000011111110000000111111
11111111000000000000000000111111
11111111100000000000000001111111
11111111100000000000000011111111
11111111110000000000000111111111
11111111111000000000001111111111
11111111111100000000111111111111
