11111111100011111100001111111111
11111111000011110000000111111111
11111111000011110000000001111111
11111111000001100000000001111111
11111111000001000000000001111111
11111111000000000000000000111111
11111111000000000001100000111111
11111111000000000111110000011111
11111111000000000111111000011111
11111111000000001111111000011111
11111110000000111111110000111111
11111110000000111111110000111111
11111110000001111111110000111111
11111100000001111111111000111111
11111100000001111111111000111111
11111100000111111111111000111111
11111100000111111111111000111111
11111110000111111111110000111111
11111110000111111111110000111111
11111110000111111111100000111111
11111110000111111111100000111111
11111110000111111110000000111111
11111110000111111100000001111111
11111100000111110000000011111111
11111100000011100000000111111111
11111100000000000000001111111111
11111110000000000000011111111111
11111111000000000000111111111111
11111111000000000001111111111111
11111111000000000011111111111111
11111111110000011111111111111111
11111111111101111111111111111111
