11111111111000000111111111111111
11111111110000000011111111111111
11111111100000000001111111111111
11111111100000000000111111111111
11111111110000000000111111111111
11111111110000000000111111111111
11111111111101100000011111111111
11111111111111111000011111111111
11111111100111111100000111111111
11111111100011111100000111111111
11111111000011111111000111111111
11111111000011111111000011111111
11111110000011111111000011111111
11111110000011111111100011111111
11111110000011111111100001111111
11111110000011111111100001111111
11111110000011111111100001111111
11111100000111111111100001111111
11111100000111111111110000111111
11111100001111111111110000111111
11111100001111111111100000111111
11111100000111111111100000111111
11111100000011111111100000111111
11111100000010111100000000111111
11111100000000000000000001111111
11111110000000000000000001111111
11111110000000000000000011111111
11111110000000000000000011111111
11111111000000000000000011111111
11111111100000000000000111111111
11111111110000000000011111111111
11111111111100000001111111111111
