11111111111111100000111111111111
11111111111110000000111111111111
11111111110000000000011111111111
11111111110000000000000111111111
11111111100000000000000011111111
11111111000000001010000011111111
11111111000000001111000011111111
11111111000000011111100011111111
11111111000000011111110001111111
11111110000000011111110001111111
11111110000000011111110001111111
11111110000010011111110001111111
11111110000011001111111000111111
11111110000111011111111000111111
11111110001111111111111000111111
11111110001111111111111000111111
11111110001111111111110000111111
11111110001111111111110000111111
11111100001111111111110000111111
11111110001111111111100001111111
11111110001111111111100001111111
11111111000111111111100000111111
11111111000111111111100001111111
11111111000011111111000001111111
11111111000001111100000011111111
11111111100001110000000111111111
11111111100000000000001111111111
11111111100000000000001111111111
11111111110000000000011111111111
11111111110000000000111111111111
11111111111110000001111111111111
11111111111111100011111111111111
