11111111000011111111111111111111
11111111000000111111111111111111
11111110000000011111111111111111
11111110000000001111111111111111
11111110000000001111111111111111
11111110000000000011111111111111
11111111000000000000111111111111
11111111000000000000011111111111
11111111111000000000001111111111
11111111111111000000000011111111
11111111111111100000000111111111
11111111111111110000000011111111
11111111111111110000000011111111
11111111011111111000000001111111
11111111001111111110000001111111
11111110001111111111000001111111
11111110001111111111100001111111
11111110001111111111100000111111
11111110001111111111100000111111
11111110001111111111100000111111
11111110001111111111100000111111
11111110000111111111000001111111
11111110000111111110000001111111
11111100001111110000000011111111
11111100000111000000000011111111
11111100000000000000000111111111
11111100000000000000001111111111
11111100000000000000011111111111
11111100000000000000011111111111
11111110000000000001111111111111
11111111000000000111111111111111
11111111100000011111111111111111
