11111111111111111111101111111111
11111111111100011110000011111111
11111111111000011100000011111111
11111111100000010000000001111111
11111111000000010000000001111111
11111111000000111100000001111111
11111111000001111111100001111111
11111110000011111111100001111111
11111110000011111111100000111111
11111100000111111111110000111111
11111100000111111111110000111111
11111100000111111111100000111111
11111100001111111111100000111111
11111100001111111111100000111111
11111100011111111111100000111111
11111100011111111111100001111111
11111100011111111111100001111111
11111100011111111111100001111111
11111100011111111111100001111111
11111100001111111111000001111111
11111100001111111111000001111111
11111100001111111110000001111111
11111100000111111100000001111111
11111100000111111100000001111111
11111110000011111000000011111111
11111111000000000000000111111111
11111111000000000000001111111111
11111111100000000000011111111111
11111111110000000000011111111111
11111111111000000000111111111111
11111111110000000111111111111111
11111111111110011111111111111111
