11111111111110000000000111111111
11111111111100000000000011111111
11111111111000000000000001111111
11111111100000000000000001111111
11111111000000000000000001111111
11111111000000000000000000111111
11111111000000011100000000011111
11111111000001111111100000011111
11111110000001111111100000111111
11111110000001111111110000011111
11111111000001111111110000011111
11111111000000111111110000011111
11111111000000111111110000011111
11111111100000111111110000011111
11111111000001111111110000111111
11111111000001111111110000111111
11111111000001111111100000111111
11111111000001111111100000111111
11111111000000011111100000111111
11111110000000111111000011111111
11111110000000111110000011111111
11111110000000111110000011111111
11111111000000011110000011111111
11111111000000011110000011111111
11111111100000000000000111111111
11111111100000000000001111111111
11111111100000000000001111111111
11111111111000000000011111111111
11111111111000000000011111111111
11111111111000000000011111111111
11111111111100000001111111111111
11111111111111000111111111111111
