11111111111100000000011111111111
11111111111000000000001111111111
11111111110000000000000111111111
11111111100000000000000011111111
11111111100000000000000011111111
11111111000000000110000001111111
11111111000000111111000001111111
11111110000001111111100001111111
11111110000001111111100000111111
11111110000001111111110000011111
11111100000011111111100000111111
11111000000011111111100000111111
11111000000011111111100000111111
11111000000011111111110000011111
11111000000111111111110000011111
11111000000111111111110000011111
11111100000011111111110000011111
11111100000011111111110000011111
11111100000011111111110000011111
11111100000011111111110000011111
11111110000001111111110000011111
11111110000001111111110000011111
11111110000000111111110000011111
11111110000001111111100000111111
11111110000000111111000001111111
11111111000000011111000001111111
11111111100000001100000001111111
11111111100000000000000011111111
11111111110000000000000111111111
11111111110000000000001111111111
11111111111000000000011111111111
11111111111110000000111111111111
