11111111111110000000001111111111
11111111111100000000000111111111
11111111111100000000000011111111
11111111111000000000000001111111
11111111111000000100000000111111
11111111110000001111000000111111
11111110000000111111100000111111
11111100000001111111110000011111
11111000000111111111110000011111
11111000000111111111110000011111
11111000000011111111110000011111
11111000000111111111110000011111
11111000000111111111110000011111
11111100000011111111110000011111
11111100000011111111110000011111
11111100000011111111110000011111
11111110000011111111110000011111
11111110000011111111110000011111
11111110000001111111110000011111
11111110000001111111110000011111
11111110000000111111110000011111
11111110000000111111110000011111
11111111000000111111110000011111
11111111100000011111110000011111
11111111100000001111100000111111
11111111100000001111100000111111
11111111110000000111000000111111
11111111110000000000000000111111
11111111111000000000000001111111
11111111111100000000000011111111
11111111111110000000000011111111
11111111111111100000000111111111
