11111111111111100000111111111111
11111111111100000000011111111111
11111111111000000000000111111111
11111111100000000000000111111111
11111111100000000000000111111111
11111111000000000000000011111111
11111111000000000000000011111111
11111110000001110000000001111111
11111110000011110001000001111111
11111110000111110011000001111111
11111110000111110011100001111111
11111100000111111111100001111111
11111110000111111111110000111111
11111100001111111111110001111111
11111110001111111111110000111111
11111100001111111111110000111111
11111110001111111111110000111111
11111100000111111111110000111111
11111110000111111111110000111111
11111110000111111111110000111111
11111110000111111111110000111111
11111110000111111111110000111111
11111110000111111111110000111111
11111110000011111111110000111111
11111111000000111111000000111111
11111111000000111111000001111111
11111111100000001100000001111111
11111111100000000000000011111111
11111111110000000000000111111111
11111111111000000000001111111111
11111111111100000000111111111111
11111111111100000001111111111111
