11111111110111100000111111111111
11111111100000000000011111111111
11111111100000000000001111111111
11111111100000000000001111111111
11111111100000000000000111111111
11111111000000000000000111111111
11111111000000000110000111111111
11111111000000011111000111111111
11111111000001111111000011111111
11111110000011111111000011111111
11111110000111111111100001111111
11111110000111111111100001111111
11111110000111111111100001111111
11111110000111111111110000111111
11111100000111111111110000111111
11111100000111111111110000111111
11111110000111111111111000111111
11111110000111111111111000111111
11111110000111111111111000111111
11111110000111111111111000111111
11111111000111111111110000111111
11111111000111111111110000111111
11111111000111111111100001111111
11111111000111111111000001111111
11111111000011111100000001111111
11111111000001100000000001111111
11111111000000000000000011111111
11111111000000000000000011111111
11111111100000000000011111111111
11111111100000000000111111111111
11111111110000000011111111111111
11111111111101111111111111111111
