11111111111111100011111111111111
11111111111111000001111111111111
11111111111100000000111111111111
11111111111100000000111111111111
11111111110000000000111111111111
11111111100000000000001111111111
11111111100000000000001111111111
11111100000000000000000111111111
11111000000000011100000111111111
11110000000001111110000111111111
11111000000000111111000001111111
11111100000000111111000001111111
11111100000000111111000001111111
11111100000000111111000001111111
11111110000000011111100000111111
11111110000000011111100000111111
11111111000000111111100001111111
11111111000000111111100001111111
11111111000000111111100001111111
11111111100000011111110000111111
11111111100000011111110000111111
11111111100000011111110000111111
11111111100000011111100000111111
11111111110000001111110000011111
11111111110000001110000000111111
11111111110000000000000001111111
11111111110000000000000001111111
11111111110000000000000001111111
11111111111100000000000001111111
11111111111100000000000011111111
11111111111110000000001111111111
11111111111111000000111111111111
