11111111111111111111111111111111
11111111111111100000111111111111
11111111111110000000011111111111
11111111111000000000001111111111
11111111111000000000000111111111
11111111110000000000000111111111
11111111100000000000000111111111
11111111100000000000000111111111
11111111100000000000000111111111
11111111110000000011100011111111
11111111100000000111110011111111
11111111100000001111100011111111
11111111000000011111110011111111
11111111000000111111110011111111
11111111100000011111111001111111
11111111100000011111110001111111
11111111100000011111110001111111
11111111000000111111110001111111
11111111000001111111100001111111
11111111100000111111110001111111
11111111000000111111100001111111
11111111000000111111100011111111
11111111000001111111000011111111
11111111000000111100000111111111
11111111100000011110000011111111
11111111100000001100000011111111
11111111100000000000000011111111
11111111110000000000000111111111
11111111111000000000011111111111
11111111111111000000111111111111
11111111111111100111111111111111
11111111111111111111111111111111
