11111111111111000001111111111111
11111111111100000000011111111111
11111111110000000000011111111111
11111111100000000000001111111111
11111111000000111100000111111111
11111111000011111110000011111111
11111111000011111111100001111111
11111110000011111111100001111111
11111000010001111111110001111111
11111100010001111111111001111111
11111100100001111111111001111111
11111111100001111111111001111111
11111111100001111111111001111111
11111111100001111111111100111111
11111111100001111111111100111111
11111111000011111111111100111111
11111111000011111111111100111111
11111111000111111111111100111111
11111110000111111111111100111111
11111110001111111111111000111111
11111111000011111111111100011111
11111111000111111111111100011111
11111111000111111111111000011111
11111111000111111111111000011111
11111111000111111111110001111111
11111111000011111111100001111111
11111111000011111111000001111111
11111111100001111111000001111111
11111111100000000000000001111111
11111111110000000000000111111111
11111111111000000000001111111111
11111111111100000001111111111111
