11111111110001111111111111111111
11111111110000100001111111111111
11111111110000000000111111111111
11111111110000000000011111111111
11111111100000000000011111111111
11111111000000010110000111111111
11111111100000011111000011111111
11111111100000111111000011111111
11111111100001111111100011111111
11111111100001111111100011111111
11111111000001111111100011111111
11111110000001111111100011111111
11111110000011111111110011111111
11111111000001111111111001111111
11111111000011111111111000111111
11111110000011111111111001111111
11111110000111111111111001111111
11111110000111111111110001111111
11111110000111111111110001111111
11111100001111111111100001111111
11111110000111111111110000111111
11111110000111111111110000111111
11111110000111111111110001111111
11111110000111111111100011111111
11111110000011111111000011111111
11111110000001111100000011111111
11111111000001111100000111111111
11111111100000000000000111111111
11111111110000000000001111111111
11111111110000000000011111111111
11111111111000000001111111111111
11111111111110000111111111111111
