11111111110111111111111111111111
11111111100111100001111111111111
11111111000010000000111111111111
11111111100000000000001111111111
11111111000000000000000111111111
11111111000000000000000011111111
11111111000000001111100001111111
11111111000000011111100001111111
11111110000000111111100001111111
11111110000001111111110000111111
11111110000001111111110000111111
11111110000011111111110000111111
11111110000011111111110000111111
11111100000111111111111000111111
11111100000111111111111100111111
11111100000011111111111100111111
11111100000011111111111000111111
11111100000111111111111000111111
11111100000111111111110000111111
11111100001111111111100000111111
11111100001111111111100000111111
11111100011111111111000001111111
11111110011111111110000001111111
11111110001111111100000011111111
11111110000111110000000011111111
11111110000111000000001111111111
11111110000000000000011111111111
11111110000000000000111111111111
11111111000000000001111111111111
11111111000000000111111111111111
11111111110000000111111111111111
11111111111100111111111111111111
