11111111111100000001111111111111
11111111111000000000111111111111
11111111100000000000001111111111
11111111000000000000000111111111
11111110000000001100000111111111
11111100000000001100000011111111
11111100000000011110000001111111
11111100000000011111000001111111
11111000000000111111100001111111
11111000000000111111100000111111
11111100000000111111110000011111
11111100000000111111111000011111
11111100000001111111111000011111
11111100000001111111111000011111
11111000000001111111111000011111
11111000000011111111111000011111
11111000000011111111111000011111
11111100000011111111111000011111
11111100000111111111110000011111
11111100000111111111110000011111
11111100000111111111100000111111
11111100000111111111100000111111
11111100000111111111000001111111
11111110000011111111000000111111
11111110000011111110000001111111
11111110000001111000000011111111
11111111000000100000000111111111
11111111000000000000000111111111
11111111000000000000001111111111
11111111100000000000011111111111
11111111110000000000111111111111
11111111111000000111111111111111
