11111111111111111100111111111111
11111111111111110000001111111111
11111111111000000000000111111111
11111111110000000000000011111111
11111111110000000000000011111111
11111111100000000011000001111111
11111111100000001111100001111111
11111111100000111111110001111111
11111111000001111111110001111111
11111110000011111111110001111111
11111110000001111111111000111111
11111110000001111111111000111111
11111110000011111111110000111111
11111110000011111111110001111111
11111100000011111111110001111111
11111100000111111111110001111111
11111110000111111111110001111111
11111110000111111111100011111111
11111110000111111111100011111111
11111110000111111111000111111111
11111111000111111110000111111111
11111110000111111110001111111111
11111111000111111110001111111111
11111111100011111110000111111111
11111111100001111100001111111111
11111111110000110000001111111111
11111111110000000000011111111111
11111111110000000000111111111111
11111111111000000001111111111111
11111111111000000001111111111111
11111111111100000111111111111111
11111111111111101111111111111111
