11111111111111100111111111111111
11111111111110000000111111111111
11111111111000000000111111111111
11111111110000000000011111111111
11111111100000000000011111111111
11111111100000001000001111111111
11111111000000111100001111111111
11111110000001111110000111111111
11111110000001111111000111111111
11111110000011111111000111111111
11111110000001111111100001111111
11111110000001111111100001111111
11111110000001111111100001111111
11111110000111111111110001111111
11111110000111111111110000111111
11111110000111111111110000111111
11111110000111111111110000111111
11111100000111111111111000111111
11111110000111111111111000111111
11111100000111111111111000111111
11111110000111111111111000111111
11111110000111111111111000111111
11111110000111111111111000111111
11111111000011111111111000011111
11111111000001111111110000011111
11111111000001111111100000111111
11111111000000111111000000111111
11111111100000000000000001111111
11111111100000000000000011111111
11111111111000000000000111111111
11111111111000000000001111111111
11111111111110000001111111111111
