11111111111111110000111111111111
11111111111111100000011111111111
11111111111110000000001111111111
11111111111100000000001111111111
11111111111000000000000111111111
11111111110000000010000111111111
11111111100000011111000011111111
11111111100000111111000011111111
11111111000001111111100011111111
11111111000011111111100011111111
11111111100001111111110000111111
11111111000011111111111000111111
11111111000011111111111000111111
11111110000111111111111000111111
11111110000111111111111000111111
11111110000111111111111000111111
11111111001111111111111000111111
11111110011111111111111000111111
11111110001111111111111000111111
11111100001111111111111000111111
11111110001111111111111000111111
11111110000111111111111000111111
11111110000111111111111000111111
11111111000011111111111000011111
11111111000001111111111000011111
11111111100000111111111000111111
11111111100000011111110000111111
11111111111000000111100000111111
11111111111000000000000000111111
11111111111110000000000001111111
11111111111111000000000011111111
11111111111111111000001111111111
