11111111111111100011111111111111
11111111111111100001111111111111
11111111111000000001111111111111
11111111110000000000111111111111
11111111110000000000011111111111
11111111100000000000001111111111
11111111110000000000000011111111
11111111110000000000000011111111
11111111100000000110000011111111
11111111100000011111000001111111
11111111000000011111000001111111
11111111000000111111100001111111
11111110000000111111100001111111
11111111000000011111110000111111
11111111000000111111110000111111
11111111000000111111110000111111
11111110000001111111110000111111
11111110000011111111110000111111
11111110000011111111110000111111
11111110000111111111110000111111
11111111000011111111111000011111
11111110000011111111110000011111
11111110000011111111110000011111
11111110000011111111110000111111
11111110000001111111100000111111
11111110000001111110000000111111
11111111000000000000000001111111
11111111100000000000000001111111
11111111110000000000000111111111
11111111111000000000000111111111
11111111111100000000011111111111
11111111111110000001111111111111
