11111111111110000011111111111111
11111111111100000000111111111111
11111111111000000000011111111111
11111110001100000000000111111111
11111110000100000000000111111111
11111110000000000000000111111111
11111100000000000000000011111111
11111100001100001100000011111111
11111100001100001100000011111111
11111100001100011111000001111111
11111000011100111111100001111111
11111000011111111111100001111111
11111100011111111111110000111111
11111100011111111111110000111111
11111100011111111111110000111111
11111100011111111111111000111111
11111100011111111111110000111111
11111100011111111111110000111111
11111100001111111111110000111111
11111110001111111111110000111111
11111110001111111111100001111111
11111111000011111111100000111111
11111111000011111111100001111111
11111111100001111111000001111111
11111111100001111111000001111111
11111111100000111110000011111111
11111111110000000000000011111111
11111111110000000000000111111111
11111111111000000000000111111111
11111111111000000000011111111111
11111111111110000000001111111111
11111111111111100000111111111111
