11111111111011111111111111111111
11111111111000111111111111111111
11111111110000011111111111111111
11111111110000001111111111111111
11111111110000000011111111111111
11111111111000000001111111111111
11111111111000000001111111111111
11111111111000000000111111111111
11111111111001000000011111111111
11111110111111110000001111111111
11111110001111111000000011111111
11111100001111111100000011111111
11111100000111111110000011111111
11111100001111111111000001111111
11111110000111111111100000111111
11111110000111111111100000111111
11111110000111111111100000111111
11111110000111111111110000111111
11111110000111111111110000111111
11111111000011111111111000011111
11111111000011111111111000011111
11111111000011111111100000011111
11111111000011111100000000011111
11111111100001111000000000011111
11111111100001100000000000111111
11111111000000000000000000111111
11111111000000000000000111111111
11111111000000000000000111111111
11111111110000000000001111111111
11111111110000000000111111111111
11111111111000000011111111111111
11111111111100001111111111111111
