11111111110011111111111111111111
11111111100011111110111111111111
11111111100001111000000111111111
11111111100001100000000011111111
11111111100001100000000001111111
11111111000001000000000000111111
11111110000010000000000000111111
11111111000010000000000000111111
11111111000010000000000000111111
11111111000010111110000000111111
11111111000011111111100000011111
11111111000011111111110000011111
11111111000011111111110000011111
11111110000111111111110000111111
11111110000111111111110000111111
11111110000111111111110000111111
11111110000111111111110000111111
11111110000111111111110000111111
11111110000111111111110000111111
11111100000011111111110000111111
11111100000111111111000001111111
11111100000111111110000001111111
11111110000111111100000011111111
11111110000011110000000011111111
11111110000011110000000011111111
11111110000000000000000111111111
11111111000000000000001111111111
11111111000000000000011111111111
11111111000000000000111111111111
11111111100000000011111111111111
11111111110000000011111111111111
11111111111110111111111111111111
