11111111110111111110011111111111
11111111110011111100001111111111
11111111110011111100001111111111
11111111100011111000001111111111
11111111000001111000000011111111
11111111000001111000000011111111
11111111000001110000000001111111
11111111000001111000000001111111
11111111000001111000000000111111
11111111000001111000000000111111
11111110000111111110000001111111
11111110000111111111000001111111
11111110000111111111000001111111
11111100000111111111100000111111
11111100000111111111100000111111
11111100000111111111100000111111
11111100000111111111100000111111
11111110000111111111100000111111
11111110000111111111100000111111
11111110000011111111100000111111
11111110000011111111100000111111
11111110000011111111000000111111
11111110000000000110000000111111
11111100000000001100000001111111
11111100000000000000000001111111
11111110000000000000000011111111
11111111000000000000000011111111
11111111000000000000000011111111
11111111100000000000000111111111
11111111110000000001111111111111
11111111110000000001111111111111
11111111111110011111111111111111
