11111111111111110001111111111111
11111111111111000000011111111111
11111111100010000000001111111111
11111111000000000000000111111111
11111111000000000000000011111111
11111111000000000000000001111111
11111110000000000000000001111111
11111110000000000000000001111111
11111110000000001110000000111111
11111100000010001111000000111111
11111100000011011111100000111111
11111100000111111111110000111111
11111100000111111111110000111111
11111100000111111111110000111111
11111100001111111111110000111111
11111100001111111111110000111111
11111100001111111111110000111111
11111100001111111111110000111111
11111100001111111111110000111111
11111100000111111111110000111111
11111100000111111111100000111111
11111100000111111111000001111111
11111100000011111110000001111111
11111110000011111100000001111111
11111110000001010000000001111111
11111110000000000000000011111111
11111111000000000000000111111111
11111111000000000000001111111111
11111111000000000000111111111111
11111111100000000001111111111111
11111111111000000111111111111111
11111111111110111111111111111111
