11111111111111100001111111111111
11111111111111000000111111111111
11111111111100000000111111111111
11111111111000000000001111111111
11111111111000000000001111111111
11111111111000000000001111111111
11111000110000000000001111111111
11111000110000000000000111111111
11111100011000000001000001111111
11111100000000001111000001111111
11111100000000011111100001111111
11111100000000111111110001111111
11111000000011111111110001111111
11111100000011111111110001111111
11111110000001111111111000111111
11111110000011111111111000111111
11111110000011111111111000111111
11111110001111111111111000111111
11111110001111111111110000111111
11111111000011111111110000011111
11111111000001111111110000011111
11111111000001111111100000011111
11111111100001111111000000011111
11111111100000111100000000011111
11111111110000000000000000111111
11111111111000000000000000111111
11111111111100000000000000111111
11111111111100000000000000111111
11111111111100000000000001111111
11111111111100000000000001111111
11111111111111100000000011111111
11111111111111110000011111111111
