11111111111111111011111111111111
11111111111111000000011111111111
11111111111000000000011111111111
11111111110000000000000111111111
11111111100000000000000111111111
11111111000000011110000011111111
11111111000000011111000011111111
11111111000000111111100001111111
11111110000001111111100001111111
11111110000111111111100001111111
11111110000111111111110001111111
11111110001111111111110001111111
11111110001111111111110001111111
11111110001111111111110000111111
11111100001111111111110000111111
11111110001111111111110000111111
11111110001111111111110000111111
11111100001111111111110000111111
11111110001111111111110000111111
11111110001111111111110000111111
11111110001111111111110000111111
11111110000111111111100001111111
11111110000111111111100001111111
11111110000111111111100001111111
11111110000111111111100011111111
11111111000001111110000011111111
11111111000001111100000111111111
11111111100000000000001111111111
11111111110000000000001111111111
11111111111000000000011111111111
11111111111000000000011111111111
11111111111110000011111111111111
