11111111111111000111111111111111
11111111111100000001111111111111
11111111111000000000111111111111
11111111111000000000001111111111
11111111110000000000001111111111
11111111100000001100000111111111
11111111100000011110000011111111
11111111000000111111000011111111
11111110000001111111100011111111
11111110000011111111100001111111
11111110000011111111100001111111
11111100000011111111100001111111
11111110000001111111111000111111
11111110000001111111111000111111
11111100001111111111111000111111
11111100001111111111111000111111
11111100001111111111111000111111
11111100001111111111110000111111
11111100001111111111110000111111
11111110001111111111110000111111
11111110000111111111110001111111
11111111000011111111110000111111
11111111000011111111110000111111
11111111100001111111100001111111
11111111100001111111000001111111
11111111110000111110000011111111
11111111110000001100000011111111
11111111110000000000000011111111
11111111111000000000000111111111
11111111111000000000001111111111
11111111111110000000000111111111
11111111111111100000111111111111
