11111111111111111000111111111111
11111111111111110000011111111111
11111111111100000000000111111111
11111111110000000000000111111111
11111111110000000000000011111111
11111111100000000110000001111111
11111111100000001111100001111111
11111111100000011111100001111111
11111111000000111111110000111111
11111111000000111111111000111111
11111111000001111111111000111111
11111111000001111111111100011111
11111100011111111111111000111111
11111100011111111111111000111111
11111100011111111111111000111111
11111100011111111111111000111111
11111100011111111111111000111111
11111100001111111111111000111111
11111110001111111111111000111111
11111110001111111111110000111111
11111111000111111111110001111111
11111110000111111111100011111111
11111110000111111111000011111111
11111110000011111111000011111111
11111111000001111110000111111111
11111111100000111110000111111111
11111111110000001100000111111111
11111111111000000000001111111111
11111111111000000000001111111111
11111111111100000000111111111111
11111111111100000001111111111111
11111111111111101111111111111111
