11111111111111111000111111111111
11111111111111100000000111111111
11111111111111100000000000111111
11111111111111100000000000111111
11111111111110000000000011111111
11111111111110000000000011111111
11111111111110000000000011111111
11111111111100000000000111111111
11111111111100000000000111111111
11111111110000000000000111111111
11111111110000000000000111111111
11111111100000000000000111111111
11111110000000000000000111111111
11111110000000000000000111111111
11111100000000000000000111111111
11111100000000000000000111111111
11111100000001100000000111111111
11111100000011100000000111111111
11111110001111100000000111111111
11111111111111100000000011111111
11111111111111100000000011111111
11111111111111100000000001111111
11111111111111100000000001111111
11111111111111100000000011111111
11111111111111100000000011111111
11111111111111100000000011111111
11111111111111000000000001111111
11111111111111000000000001111111
11111111111111100000000001111111
11111111111111100000000011111111
11111111111111100000000011111111
11111111111111111101111111111111
