11111111111111111111110111111111
11111111111111111111000001111111
11111111111111111110000001111111
11111111111111111100000001111111
11111111111111111100000001111111
11111111111111111100000001111111
11111111111111111000000001111111
11111111111111110000000001111111
11111111111111100000000001111111
11111111111111000000000001111111
11111111111100000000000011111111
11111111111100000000000011111111
11111111111000000000000011111111
11111111110000000000000011111111
11111111100000000000000011111111
11111111100000000000000011111111
11111111000000110000000011111111
11111110000000111000000011111111
11111110000001111000000011111111
11111110000011111000000011111111
11111100001111111000000011111111
11111110111111111000000011111111
11111111111111111000000001111111
11111111111111111000000111111111
11111111111111111100000011111111
11111111111111111100000011111111
11111111111111111100000011111111
11111111111111111100000011111111
11111111111111111110000001111111
11111111111111111110000001111111
11111111111111111111000001111111
11111111111111111111110011111111
