11111111111100000111111111111111
11111111111100000011111111111111
11111111111100000000011111111111
11111111111100000000000111111111
11111111111100000000000111111111
11111111111100000000000111111111
11111111111000000000000111111111
11111111111000000000000111111111
11111111111000000000000111111111
11111111100000000000000111111111
11111111100000000000011111111111
11111111100000000000011111111111
11111111000000000000011111111111
11111111000000000000011111111111
11111111000000000000011111111111
11111100000000000000011111111111
11111100000000000000011111111111
11111111100000000000011111111111
11111111100000000000011111111111
11111111111000000000011111111111
11111111111000000000011111111111
11111111111100000000011111111111
11111111111100000000011111111111
11111111111100000000000111111111
11111111111111000000000011111111
11111111111100000000000000111111
11111111111100000000000000111111
11111111111100000000000000111111
11111111111100000000000000111111
11111111111100000000000000111111
11111111111111000000000000111111
11111111111111000000000111111111
