11111111111111111111001111111111
11111111111111111100000111111111
11111111111111111000000011111111
11111111111111111100000001111111
11111111111111111100000001111111
11111111111111111100000001111111
11111111111111111100000011111111
11111111111111111000000011111111
11111111111111100000000011111111
11111111111111000000000011111111
11111111111111000000000011111111
11111111111000000000000011111111
11111111111000000000000011111111
11111111100000000000000011111111
11111100000000000000000011111111
11111100000000000000000011111111
11111100000000111000000011111111
11111100000001111000000011111111
11111110001111111000000011111111
11111111111111111000000111111111
11111111111111111000000111111111
11111111111111111100000011111111
11111111111111111100000011111111
11111111111111111000000011111111
11111111111111111000000011111111
11111111111111111000000111111111
11111111111111111000000011111111
11111111111111111000000011111111
11111111111111111000000111111111
11111111111111111000000111111111
11111111111111111000000011111111
11111111111111111111001111111111
