11111111111111111100011111111111
11111111111111111000000011111111
11111111111111111000000001111111
11111111111111110000000011111111
11111111111111110000000011111111
11111111111111110000000001111111
11111111111111100000000001111111
11111111111111100000000001111111
11111111111111100000000001111111
11111111111111100000000001111111
11111111111111100000000001111111
11111111111111000000000001111111
11111111111110000000000001111111
11111111111110000000000001111111
11111111111110000000000000111111
11111111111110000000000001111111
11111111111100000000000001111111
11111111111100000000000001111111
11111111110000000000000001111111
11111111100000000000000001111111
11111111100000000000000001111111
11111111000000000000000001111111
11111110000000000000000001111111
11111100000000111000000011111111
11111100000000111000000011111111
11111110000011111000000011111111
11111111111111111000000011111111
11111111111111110000000011111111
11111111111111110000000001111111
11111111111111111000000011111111
11111111111111111000001111111111
11111111111111111100011111111111
