11111111111111111110000111111111
11111111111111111110000001111111
11111111111111111110000011111111
11111111111111111100000011111111
11111111111111111000000011111111
11111111111111111000000011111111
11111111111111110000000001111111
11111111111111110000000001111111
11111111111111000000000001111111
11111111111111000000000001111111
11111111111100000000000011111111
11111111111000000000000011111111
11111111110000000000000011111111
11111111100000000000000011111111
11111111000000001100000011111111
11111110000000001100000011111111
11111110000001111100000011111111
11111100000001111100000111111111
11111110000011111100000111111111
11111111101111111100000111111111
11111111111111111100000111111111
11111111111111111100000111111111
11111111111111111100000011111111
11111111111111111000000111111111
11111111111111111000000011111111
11111111111111111000000011111111
11111111111111111000000011111111
11111111111111111100000011111111
11111111111111111110000001111111
11111111111111111110000001111111
11111111111111111110000001111111
11111111111111111110000001111111
