11111111111111111111000011111111
11111111111111111100000111111111
11111111111111111000000111111111
11111111111111110000000111111111
11111111111111111000000111111111
11111111111111100000000111111111
11111111111111100000000111111111
11111111111111100000000111111111
11111111111111000000000011111111
11111111111110000000000011111111
11111111111000000000000111111111
11111111111000000000000111111111
11111111100000000000000011111111
11111111100000000000000011111111
11111100000000001000000111111111
11111100000000111000000111111111
11111100000001111100000111111111
11111100000011111100000011111111
11111110000111111100000111111111
11111111111111111000000111111111
11111111111111111000000111111111
11111111111111111000000111111111
11111111111111111100000111111111
11111111111111111000001111111111
11111111111111111000001111111111
11111111111111111000001111111111
11111111111111111100000111111111
11111111111111111100000111111111
11111111111111111000000111111111
11111111111111111000000111111111
11111111111111111100001111111111
11111111111111111110011111111111
