11111111111111111111100111111111
11111111111111111111000111111111
11111111111111111110000000111111
11111111111111111100000000111111
11111111111111111100000000111111
11111111111111111000000000111111
11111111111111111000000000111111
11111111111111111000000000111111
11111111111111110000000000111111
11111111111111100000000000111111
11111111111110000000000001111111
11111111111100000000000001111111
11111111111100000000000011111111
11111111110000000110000001111111
11111111100000000110000011111111
11111110000000001110000001111111
11111110000000011110000011111111
11111100000000111110000011111111
11111100000011111110000011111111
11111100000011111100000011111111
11111111001111111100000011111111
11111111111111111100001111111111
11111111111111111100000011111111
11111111111111111010000111111111
11111111111111111000000111111111
11111111111111111100000111111111
11111111111111111100000111111111
11111111111111111100000111111111
11111111111111111100000111111111
11111111111111111110000001111111
11111111111111111110000001111111
11111111111111111110000001111111
