11111111111111111100000111111111
11111111111111111000000111111111
11111111111111100000000011111111
11111111111111100000000001111111
11111111111100000000000001111111
11111111110000000000000001111111
11111111100000000000000011111111
11111100000000000000000011111111
11111100000000000000000001111111
11111000000000000000000001111111
11111000000000000000000011111111
11110000000000000000000011111111
11110000000000110000000011111111
11111000000111110000000111111111
11111100000111110000000111111111
11111110001111100000001111111111
11111111111111100000001111111111
11111111111111100000001111111111
11111111111111000000001111111111
11111111111111100000001111111111
11111111111111100000001111111111
11111111111111100000011111111111
11111111111111100000011111111111
11111111111111000000011111111111
11111111111111000000011111111111
11111111111111100000001111111111
11111111111111100000001111111111
11111111111111100000001111111111
11111111111111100000001111111111
11111111111111100000001111111111
11111111111111110000000111111111
11111111111111111000001111111111
