11111111111111111110000111111111
11111111111111111110000011111111
11111111111111111100000011111111
11111111111111111100000001111111
11111111111111111000000001111111
11111111111111111000000001111111
11111111111111110000000001111111
11111111111110000000000001111111
11111111111110000000000001111111
11111111111100000000000001111111
11111111110000000000000011111111
11111111110000000000000011111111
11111111000000001100000011111111
11111110000000001100000011111111
11111110000000011110000011111111
11111100000000111110000011111111
11111100000011111100000011111111
11111100001111111100000011111111
11111110011111111110000011111111
11111111111111111100000011111111
11111111111111111100000011111111
11111111111111111100000011111111
11111111111111111100000011111111
11111111111111111100000011111111
11111111111111111000000011111111
11111111111111111000000011111111
11111111111111111100000011111111
11111111111111111100000011111111
11111111111111111100000011111111
11111111111111111100000011111111
11111111111111111111100011111111
11111111111111111111101111111111
