11111111111111111000000011111111
11111111111111111000000001111111
11111111111111110000000001111111
11111111111111111000000001111111
11111111111111111000000011111111
11111111111111110000000011111111
11111111111111110000000011111111
11111111111111100000000011111111
11111111111111000000000011111111
11111111111110000000000111111111
11111111111000000000000011111111
11111100000000000000000111111111
11111100000000000000000111111111
11111000000000000000000111111111
11111000000000000000000111111111
11111100000000100000000111111111
11111110000001100000000111111111
11111111111111100000000111111111
11111111111111100000000111111111
11111111111111100000000111111111
11111111111111100000000111111111
11111111111111110000000011111111
11111111111111110000000011111111
11111111111111110000000111111111
11111111111111110000000111111111
11111111111111110000000011111111
11111111111111110000000011111111
11111111111111110000000011111111
11111111111111110000000001111111
11111111111111110000000000111111
11111111111111111100000000011111
11111111111111111110000000111111
