11111111111111111100001111111111
11111111111111111000000111111111
11111111111111110000000011111111
11111111111111110000000011111111
11111111111111000000000011111111
11111111111111000000000011111111
11111111111100000000000011111111
11111111110000000000000011111111
11111111100000000000000111111111
11111111000000000000000111111111
11111110000000000000000011111111
11111100000000000000000111111111
11111100000000110000000111111111
11111000000001110000000111111111
11111000000001111000000111111111
11111000000111111000000111111111
11111100001111110000000111111111
11111111111111110000000111111111
11111111111111110000001111111111
11111111111111110000000111111111
11111111111111110000000111111111
11111111111111110000000111111111
11111111111111110000001111111111
11111111111111111000000111111111
11111111111111110000000111111111
11111111111111100000000111111111
11111111111111100000001111111111
11111111111111100000001111111111
11111111111111110000000011111111
11111111111111110000000011111111
11111111111111110000000011111111
11111111111111111000000111111111
