11111111111110011111111111111111
11111111111100000011111111111111
11111111111100000011111111111111
11111111111100000001111111111111
11111111111100000001111111111111
11111111111100000001111111111111
11111111111100000001111111111111
11111111111100000001111111111111
11111111111100000001111111111111
11111111111000000001111111111111
11111111111000000001111111111111
11111111100000000000111111111111
11111111100000000000111111111111
11111111100000000000111111111111
11111111000000000000111111111111
11111110000011000000011111111111
11111100001111100000011111111111
11111110011111110000011111111111
11111111111111110000011111111111
11111111111111110000001111111111
11111111111111110000001111111111
11111111111111111000001111111111
11111111111111111001001111111111
11111111111111111100001111111111
11111111111111111000000111111111
11111111111111111000000111111111
11111111111111111000000111111111
11111111111110000000000011111111
11111111111100000000000000111111
11111111111100000000000000111111
11111111111110000000000000011111
11111111111111100000000001111111
