11111111111111111110011111111111
11111111111111111100011111111111
11111111111111110000000011111111
11111111111111100000000011111111
11111111111111100000000011111111
11111111111111100000000011111111
11111111111111100000000011111111
11111111111110000000000111111111
11111111111000000000000111111111
11111110000000000000000111111111
11111110000000000000000111111111
11111100000000000000001111111111
11111100000000000000001111111111
11111110000000000000001111111111
11111111111111100000000111111111
11111111111111100000000111111111
11111111111111100000000111111111
11111111111111100000000111111111
11111111111111100000000111111111
11111111111111100000000111111111
11111111111111110000000111111111
11111111111111110000000111111111
11111111111111110000000011111111
11111111111111110000000011111111
11111111111111110000000011111111
11111111111111110000000000111111
11111111111111110000000001111111
11111111111111110000000000111111
11111111111111110000000000111111
11111111111111110000000000111111
11111111111111110000000000111111
11111111111111111111101111111111
