11111111111111111100001111111111
11111111111111110000000111111111
11111111111111110000000111111111
11111111111111110000000011111111
11111111111111110000000011111111
11111111111111110000000011111111
11111111111111110000000011111111
11111111111111110000000011111111
11111111111111110000000011111111
11111111111100000000000011111111
11111111110000000000000011111111
11111110000000000000000011111111
11111100000000000000000011111111
11111100000000000000000111111111
11111100000000110000000111111111
11111111111111110000000011111111
11111111111111110000000011111111
11111111111111110000000011111111
11111111111111110000000011111111
11111111111111110000000011111111
11111111111111110000000011111111
11111111111111110000000111111111
11111111111111110000000011111111
11111111111111110000000011111111
11111111111111110000000001111111
11111111111111100000000000111111
11111111111111110000000000111111
11111111111111100000000000111111
11111111111111100000000000111111
11111111111111110000000001111111
11111111111111110000000001111111
11111111111111111110000011111111
