11111111111111111000011111111111
11111111111111110000001111111111
11111111111111110000001111111111
11111111111111110000000111111111
11111111111111110000000111111111
11111111111111100000001111111111
11111111111111110000001111111111
11111111111111100000011111111111
11111111111111000000111111111111
11111111111111000000011111111111
11111111111110000000011111111111
11111111111100000000011111111111
11111111111100000000011111111111
11111111111000000000011111111111
11111111110000000000111111111111
11111111110000000000011111111111
11111100000000000000011111111111
11111000000000000000111111111111
11111100000000110000111111111111
11111100000001110000111111111111
11111110000011100000111111111111
11111111100011110000011111111111
11111111111111110000011111111111
11111111111111110000111111111111
11111111111111110000011111111111
11111111111111110000011111111111
11111111111111100000011111111111
11111111111111110000001111111111
11111111111111110000001111111111
11111111111111110000001111111111
11111111111111111000001111111111
11111111111111111100001111111111
