11111111111111111111000011111111
11111111111111111110000001111111
11111111111111111000000001111111
11111111111111110000000011111111
11111111111111100000000001111111
11111111111111100000000001111111
11111111111111000000000001111111
11111111111111000000000011111111
11111111111110000000000011111111
11111111111100000000000011111111
11111111111100000000000011111111
11111111111000000000000011111111
11111111100000000000000111111111
11111111100000000000000111111111
11111111100000000000000111111111
11111111000000000000000111111111
11111110000001100000000111111111
11111110000001100000000111111111
11111110000001100000000111111111
11111110000011100000000111111111
11111100000111100000000111111111
11111000011111110000001111111111
11111111111111110000001111111111
11111111111111000000001111111111
11111111111111000000001111111111
11111111111111110000001111111111
11111111111111110000001111111111
11111111111111110000001111111111
11111111111111110000000111111111
11111111111111111000000011111111
11111111111111111000000111111111
11111111111111111100000011111111
