11111111111111111110001111111111
11111111111111111000000111111111
11111111111111111000000111111111
11111111111111111000000001111111
11111111111111111000000001111111
11111111111111110000000001111111
11111111111111110000000001111111
11111111111111100000000011111111
11111111111111100000000111111111
11111111111111000000000111111111
11111111111110000000000111111111
11111111110000000000001111111111
11111111111000000000000111111111
11111111110000000000000111111111
11111111000000000000000111111111
11111110000000000000000111111111
11111100000001110000000111111111
11111100001111100000001111111111
11111110001111100000001111111111
11111111111111110000001111111111
11111111111111100000001111111111
11111111111111110000000111111111
11111111111111110000000111111111
11111111111111110000001111111111
11111111111111110000001111111111
11111111111111110000000111111111
11111111111111110000000111111111
11111111111111111000000111111111
11111111111111111000000111111111
11111111111111111000000011111111
11111111111111111110000001111111
11111111111111111111110011111111
