11111111111110111111111111111111
11111111110000000111111111111111
11111111100000000111111111111111
11111111000000000011111111111111
11111111000000000011111111111111
11111111000000000001111111111111
11111111000001110001111111111111
11111110000011110001111111111111
11111110000111110001111111111111
11111110001111110001111111111111
11111111000111111000111111111111
11111111000111110000111111111111
11111111100111110001111111111111
11111111111111100001111111111111
11111111111111100000111111111111
11111111111111100001111111111111
11111111111111000011111111111111
11111111111110000111111111111111
11111111111110000111111111111111
11111111111110000111111111111111
11111111111100000111111111111111
11111111111000001111111111111111
11111111111000011111111111111111
11111111111000011111111111111111
11111111111000011111111111111111
11111111100000100101111100011111
11111111100000000000000000001111
11111111000000000000000000001111
11111111100000000000000000000111
11111111100000000000000000000111
11111111100000000000000000001111
11111111110001111111111110011111
