11111111110000111111111111111111
11111111100000001111111111111111
11111111000000000011111111111111
11111111000000000001111111111111
11111111000000000000111111111111
11111110000000000000011111111111
11111110000000000000011111111111
11111110000010000000011111111111
11111100000111100000011111111111
11111100000111111000011111111111
11111100000111111000011111111111
11111110001111111000011111111111
11111110001111111000011111111111
11111111111111110000011111111111
11111111111111100000111111111111
11111111111111100000111111111111
11111111111111100000111111111111
11111111111111000001111111111111
11111111111110000001111111111111
11111111111110000011111111111111
11111111111100000011111111111111
11111111110000000111111111111111
11111111100000001111111111111111
11111111100000000111111001111111
11111111000000000000000000111111
11111111000000000000000000111111
11111111000000000000000000111111
11111111000000000000000000111111
11111111000000000000000000111111
11111111000000000000000000111111
11111111100000000011010000111111
11111111111111111111111101111111
