11111111111000000111111111111111
11111111110000000111111111111111
11111111100000000011111111111111
11111111110000000000111111111111
11111111110000000000111111111111
11111111110000000000111111111111
11111111100000000000111111111111
11111111100000000000111111111111
11111111110000010000011111111111
11111111110000010000011111111111
11111111111000010000011111111111
11111111111001110000011111111111
11111111111111110000011111111111
11111111111111110000111111111111
11111111111111110000011111111111
11111111111111110000111111111111
11111111111111100000111111111111
11111111111111000001111111111111
11111111111111000001111111111111
11111111111111000001111111111111
11111111111110000001111111111111
11111111111110000011111111111111
11111111111100000011111111111111
11111111111000000111111111111111
11111111100000000000000000111111
11111111100000000000000000001111
11111111100000000000000000001111
11111111000000000000000000001111
11111111000000000000000000001111
11111111100000000000000000001111
11111111111000000001111100001111
11111111111111111111111110011111
