11111111111100011111111111111111
11111111110000001111111111111111
11111111100000000111111111111111
11111110000000000111111111111111
11111100000000000111111111111111
11111100000000000011111111111111
11111000000000000011111111111111
11111000001111000011111111111111
11111100001111000011111111111111
11111100011111000011111111111111
11111110111110000011111111111111
11111111111110000011111111111111
11111111111110000111111111111111
11111111111110000111111111111111
11111111111100000111111111111111
11111111111100000111111111111111
11111111111100001111111111111111
11111111111100001111111111111111
11111111111000001111111111111111
11111111111000001111111111111111
11111111111000011111111111111111
11111111110000011111111111111111
11111111100000111111111111111111
11111111000000000111111111111111
11111110000000000000011011111111
11111110000000000000000000111111
11111111000000000000000000011111
11111111000000000000000000011111
11111111000000000000000000011111
11111111100000000000000000111111
11111111111111100000000001111111
11111111111111111100000001111111
