11111111111101111111111111111111
11111111110000000111111111111111
11111111100000000011111111111111
11111111100000000000111111111111
11111110000000000000011111111111
11111110000000000000011111111111
11111100000001110000011111111111
11111110000011111000000111111111
11111110000111111100000111111111
11111100001111111100000111111111
11111100011111111100000111111111
11111111001111111110000011111111
11111110001111111111000011111111
11111110001111111111000011111111
11111111111111111110000111111111
11111111111111111111000011111111
11111111111111111110000111111111
11111111111111111110000111111111
11111111111111111110000011111111
11111111111111111110000111111111
11111111111111111100000111111111
11111111111111111100001111111111
11111111111111111000000111111111
11111111111111111000001111111111
11111111111111100000011111111111
11111111111110000000111111111111
11111111110000000000000000001111
11111111100000000000000000000111
11111111100000000000000000000111
11111111100000000000000000000111
11111111110000000000000000000011
11111111111111010011100000001111
