11111111111100000011111111111111
11111111111000000000111111111111
11111111110000000000011111111111
11111111110000000000001111111111
11111111100000000000001111111111
11111111110000000110000111111111
11111111110000001100000111111111
11111111110000011100000111111111
11111111111100011100000111111111
11111111111110111100000111111111
11111111111111111100000011111111
11111111111111111100000111111111
11111111111111111000000111111111
11111111111111111000000111111111
11111111111111110000001111111111
11111111111111110000001111111111
11111111111111110000001111111111
11111111111111100000011111111111
11111111111111100000011111111111
11111111111111000000011111111111
11111111111111000000011111111111
11111111111110000000111111111111
11111111111100000000111111111111
11111111111100000000000011111111
11111111111000000000000001101111
11111111111100000000000000000011
11111111111000000000000000000001
11111111110000000000000000000001
11111111111000000000000000000000
11111111110000000000000000000000
11111111111000000001111111100000
11111111111100000111111111111011
