11111111111111111100011111111111
11111111111110000000000111111111
11111111111000000000000011111111
11111111100000000000000011111111
11111111000000000000000011111111
11111110000000011110000011111111
11111110000000111111000001111111
11111100000011111111000011111111
11111100000011111110000011111111
11111000001111111110000011111111
11111000011111111100000111111111
11111000011111111100001111111111
11111000011111111000001111111111
11111100001111111100001111111111
11111111001111110000011111111111
11111111011111100000111111111111
11111111111111100000111111111111
11111111111110000011111111111111
11111111111110000011111111111111
11111111111100000111111111111111
11111111111100000111111111111111
11111111111000001111111111111111
11111111111000001111111111111111
11111111110000001111111111111111
11111111110000111111111111111111
11111111100000111111111111111111
11111111100000111111111111111111
11111111110000011111111101111111
11111111110000000000000000011111
11111111111000000000000000011111
11111111111100000000000011111111
11111111111100000000001111111111
