11111111100000111111111111111111
11111110000000011111111111111111
11111100000000001111111111111111
11111100000000001111111111111111
11111100000000000111111111111111
11111110000000000111111111111111
11111111011000000011111111111111
11111111111100000111111111111111
11111111111110000011111111111111
11111111111110000011111111111111
11111111111100001111111111111111
11111111111100001111111111111111
11111111111000001111111111111111
11111111111000001111111111111111
11111111110000011111111111111111
11111111110000011111111111111111
11111111100000011111111111111111
11111111100000111111111111111111
11111111000001111111111111111111
11111110000001111111111111111111
11111110000001111111111111111111
11111110000011111111111111111111
11111100000111111111111111111111
11111000001111111111111111111111
11111000001111111111111111111111
11110000000010101000110101111111
11111000000000000000000000111111
11111000000000000000000000111111
11111100000000000000000000111111
11111100000000000000000001111111
11111110000000000000001111111111
11111111100000000011111111111111
