11111111111111111111111111111111
11111111111111000000111111111111
11111111100100000000001111111111
11111111000000000000001111111111
11111111000000000000001111111111
11111110010000001000001111111111
11111110000001111110001111111111
11111111000001111111000111111111
11111111000111111111000111111111
11111111000111111110000111111111
11111111111111111110000111111111
11111111111111111110000111111111
11111111111111111100001111111111
11111111111111111110001111111111
11111111111111111100001111111111
11111111111111111000011111111111
11111111111111110000011111111111
11111111111111100000111111111111
11111111111111000001111111111111
11111111111110000001111111111111
11111111111110000001111111111111
11111111111000000011111111111111
11111111111000000111111111111111
11111111110000011111111111111111
11111111000000011111111111111111
11111110000000111111100001111111
11111111000000111000000000011111
11111111000000000000000000001111
11111111000000000000000000001111
11111111000000000000000000001111
11111111100000000000000000001111
11111111110000000111111111111111
