11111111111111100001111111111111
11111111111100000000111111111111
11111111101000000000011111111111
11111111110000000000000111111111
11111111100000000000000111111111
11111111100000000100000111111111
11111111100000011110000111111111
11111111110000111111000011111111
11111111110001111110000011111111
11111111110001111110000111111111
11111111111011111110000111111111
11111111111111111110000111111111
11111111111111111100000111111111
11111111111111111000001111111111
11111111111111111000011111111111
11111111111111110000011111111111
11111111111111100000011111111111
11111111111111100000011111111111
11111111111111000000111111111111
11111111111111000001111111111111
11111111111110000011111111111111
11111111111100000111111111111111
11111111111100000111111111111111
11111111111100000111111111111111
11111111110000011111111011111111
11111111110000011111110001111111
11111111110000001100000000111111
11111111100000000000000000111111
11111111100000000000000000011111
11111111100000000000000000011111
11111111110000000000000000011111
11111111111000001111111110111111
