11111111111100111111111111111111
11111111111000001111111111111111
11111111110000000111111111111111
11111111100000000011111111111111
11111111100000000011111111111111
11111111100000000000111111111111
11111111100000000000111111111111
11111111100000110000111111111111
11111111000000110000111111111111
11111111000001110000111111111111
11111111100000111000011111111111
11111111100000111000011111111111
11111111100001111000011111111111
11111111100001111000011111111111
11111111110000111100001111111111
11111111110001111100001111111111
11111111111111111000011111111111
11111111111111111000011111111111
11111111111111110000011111111111
11111111111111111000001111111111
11111111111111111000011111111111
11111111111111110000111111111111
11111111111111100001111111111111
11111111111111100000000000011111
11111111111100000000000000001111
11111111110000000000000000001111
11111111100000000000000000001111
11111111100000000000000000001111
11111111110000000000000000000111
11111111110000000000000000000111
11111111100000001111111111111111
11111111110000111111111111111111
