11111111111111000001111111111111
11111111111100000001111111111111
11111111100000000000011111111111
11111111100000000000000111111111
11111111100000000000000111111111
11111111100000000000000111111111
11111111000000001100000111111111
11111111100000011110000011111111
11111111110000111111000011111111
11111111111111111110000011111111
11111111111111111110000011111111
11111111111111111111000001111111
11111111111111111111000001111111
11111111111111111110000011111111
11111111111111111110000111111111
11111111111111111110000111111111
11111111111111111100000111111111
11111111111111111100001111111111
11111111111111111100000111111111
11111111111111111000000111111111
11111111111111110000011111111111
11111111111111100000011111111111
11111111111111100000011111111111
11111111111111000000111111111111
11111111111110000000000000011111
11111111111100000000000000011111
11111111111000000000000000000111
11111111100000000000000000000111
11111111100000000000000000000111
11111111100000000000000000000111
11111111111000000000011111100111
11111111111110111111111111111111
