11111111111100011111111111111111
11111111110000000111111111111111
11111111100000000011111111111111
11111111000000000001111111111111
11111111000000000001111111111111
11111110000011000000111111111111
11111111000011110000011111111111
11111111000011111000011111111111
11111111000111111100001111111111
11111111000111111100001111111111
11111111000011111100001111111111
11111111000001111100001111111111
11111111000000111100001111111111
11111111110000011110000111111111
11111111111000111110001111111111
11111111111111111110001111111111
11111111111111111100001111111111
11111111111111111100011111111111
11111111111111111100011111111111
11111111111111111000011111111111
11111111111111111000011111111111
11111111111111110000011111111111
11111111111111110000111111111111
11111111111111100001111111111111
11111111111110000011111111111111
11111111111100000011000111111111
11111111110000000000000000111111
11111111100000000000000000001111
11111111000000000000000000001111
11111111100000000000000000001111
11111111000000000000111111111111
11111111000000111111111111111111
