11111111111000111111111111111111
11111111100000011111111111111111
11111111000000001111111111111111
11111111100000000111111111111111
11111111000000000011111111111111
11111110000000000011111111111111
11111100000000000001111111111111
11111100000011000001111111111111
11111100000111000001111111111111
11111100000111000001111111111111
11111100001111000001111111111111
11111000001111000001111111111111
11111000001111000011111111111111
11111100011111000011111111111111
11111111111110000011111111111111
11111111111110000111111111111111
11111111111110000111111111111111
11111111111100000111111111111111
11111111111000001111111111111111
11111111111000001111111111111111
11111111110000011111111111111111
11111111110000011111111111111111
11111111100000111111110101111111
11111111000000111110000000111111
11111111000001111100000000011111
11111111000001000000000000011111
11111111000000000000000000111111
11111111000000000000000001111111
11111111000000000000000111111111
11111111000000000001111111111111
11111111100000000001111111111111
11111111110000000111111111111111
