11111111111000001111111111111111
11111111100000000011111111111111
11111111000000000011111111111111
11111111000000000011111111111111
11111111000000000001111111111111
11111110000000000001111111111111
11111110000011000001111111111111
11111110000111000001111111111111
11111110000111000001111111111111
11111100000111000001111111111111
11111100000111000001111111111111
11111110000111000001111111111111
11111110000111000001111111111111
11111110000011000001111111111111
11111110000000000011111111111111
11111111000110000011111111111111
11111111100000000011111111111111
11111111111100000111111111111111
11111111111000001111111111111111
11111111111000001111111111111111
11111111110000001111111111111111
11111111100000011111111111111111
11111111000000011111111111111111
11111111000000111111111111111111
11111100000000111111111111111111
11111100000000111111111111111111
11111100000000000001111001111111
11111100000000000000000001111111
11111111000000000000000001111111
11111111000000000000000000111111
11111111000000000011110001111111
11111111111111101111111111111111
