11111111100000000111111111111111
11111111000000000011111111111111
11111110000000000001111111111111
11111100000000000011111111111111
11111100000000000001111111111111
11111100000000000001111111111111
11111000000000000001111111111111
11111000000010000000111111111111
11111000000010000001111111111111
11111100000110000001111111111111
11111110001110000001111111111111
11111111111110000001111111111111
11111111111110000011111111111111
11111111111110000011111111111111
11111111111100000011111111111111
11111111111100000011111111111111
11111111111000000011111111111111
11111111111000000111111111111111
11111111111000000111111111111111
11111111110000001111111111111111
11111111110000001111111111111111
11111111100000011111111111111111
11111111000000011111111110111111
11111111000000111111111000011111
11111110000000111111100000011111
11111110000000000000000000011111
11111110000000000000000000111111
11111110000000000000000001111111
11111110000000000000000011111111
11111110000000000000000111111111
11111110000000000000011111111111
11111111000000000111111111111111
