11111111100000001111111111111111
11111111000000000111111111111111
11111111000000000011111111111111
11111111000000000000111111111111
11111111000000000000111111111111
11111110000001100000011111111111
11111110000011110000011111111111
11111110000011110000011111111111
11111111000001111000001111111111
11111111100000111000001111111111
11111111100000111000000111111111
11111111110001111000001111111111
11111111111111111000001111111111
11111111111111111000011111111111
11111111111111111000001111111111
11111111111111111000001111111111
11111111111111111000011111111111
11111111111111110000011111111111
11111111111111110000011111111111
11111111111111110000011111111111
11111111111111100000011111111111
11111111111111100000011111111111
11111111111111000000111111111111
11111111111111000001111111111111
11111111111110000011111111111111
11111111100000000001111111011111
11111111000000000000111110001111
11111110000000000000001100000111
11111111000000000000000000000111
11111111000000000000000000000111
11111111100000000000000000000111
11111111110000111000000000001111
