11111111100000011111111111111111
11111111000000001111111111111111
11111111000000000111111111111111
11111111000000000001111111111111
11111111000000000001111111111111
11111111000000000000111111111111
11111111000001100000011111111111
11111111000000100000011111111111
11111111100000011000001111111111
11111111100000001000001111111111
11111111110000001000001111111111
11111111111000001000001111111111
11111111111110011000001111111111
11111111111111111000001111111111
11111111111111111100000111111111
11111111111111111000000111111111
11111111111111111000001111111111
11111111111111111000001111111111
11111111111111110000001111111111
11111111111111111000001111111111
11111111111111111000001111111111
11111111111111111000001111111111
11111111111111110000011111111111
11111111111111100000111111111111
11111111000000000000111111111111
11111111000000000000111111111111
11111111000000000000001111111111
11111111000000000000000001111111
11111110000000000000000000011111
11111111000000000000000000001111
11111111110000000000000000000011
11111111111000011111100000000011
