11111111111000000001111111111111
11111111110000000000111111111111
11111111100000000000011111111111
11111110000000000000111111111111
11111110000000000000011111111111
11111110000000000000011111111111
11111110000000000000011111111111
11111100000011100000011111111111
11111100000111100000011111111111
11111100000111110000011111111111
11111110001111100000111111111111
11111111011111100000111111111111
11111111111111000001111111111111
11111111111111000001111111111111
11111111111110000011111111111111
11111111111110000011111111111111
11111111111110000011111111111111
11111111111100000011111111111111
11111111111000000111111111111111
11111111111000000111111111111111
11111111111000000111111111111111
11111111110000011111111111111111
11111111100000011111111111111111
11111111100000111111111111111111
11111111100000111111111111111111
11111111100000000011111111111111
11111111100000000000011111111111
11111111100000000000000111111111
11111111100000000000000011111111
11111111100000000000000001111111
11111111100000000000000001111111
11111111110000000000000011111111
