11111111111110111111111111111111
11111111110000011111111111111111
11111111100000011111111111111111
11111111000000000111111111111111
11111110000000000011111111111111
11111110000000000011111111111111
11111110000000000011111111111111
11111110000011000001111111111111
11111110000111100001111111111111
11111111001111100001111111111111
11111111011111100001111111111111
11111111111111110000111111111111
11111111111111110000111111111111
11111111111111100000111111111111
11111111111111100001111111111111
11111111111111100001111111111111
11111111111111100001111111111111
11111111111111100001111111111111
11111111111111100000111111111111
11111111111111000001111111111111
11111111111110000011111111111111
11111111111100000011111111111111
11111111111110000011111111111111
11111111111100000000000111111111
11111111110000000000000000011111
11111111100000000000000000011111
11111111100000000000000000000111
11111111100000000000000000000111
11111111100000000000000000000111
11111111100000000001111110000111
11111111111101111111111111100011
11111111111111111111111111110011
