11111111111100000111111111111111
11111111100000000011111111111111
11111111000000000001111111111111
11111110000000000001111111111111
11111000000000000001111111111111
11111000000000000001111111111111
11111100000001110000011111111111
11111100001111111000011111111111
11111100001111111000011111111111
11111100011111111000011111111111
11111111111111111000011111111111
11111111111111111000011111111111
11111111111111111000111111111111
11111111111111111000011111111111
11111111111111111000011111111111
11111111111111111000011111111111
11111111111111110000111111111111
11111111111111100000111111111111
11111111111111000000111111111111
11111111111111000001111111111111
11111111111111000000111111111111
11111111111110000001111111111111
11111111111100000011111111111111
11111111110000000111111111111111
11111111000000001111111111111111
11111111000000000111100111111111
11111110000000000000000000011111
11111111000000000000000000001111
11111111100000000000000000001111
11111111000000000000000000001111
11111111100000000000001101111111
11111111111111101111111111111111
