11111111111000000111111111111111
11111111110000000011111111111111
11111111000000000011111111111111
11111110000000000011111111111111
11111100000000000011111111111111
11111100000000000011111111111111
11111100000000000001111111111111
11111100000001000001111111111111
11111000000111000001111111111111
11111000001110000001111111111111
11111000001110000001111111111111
11111000011100000011111111111111
11111100111100000011111111111111
11111111111110000011111111111111
11111111111100000011111111111111
11111111111100000111111111111111
11111111111000001111111111111111
11111111110000001111111111111111
11111111110000011111111111111111
11111111100000011111111111111111
11111111100000001111111111111111
11111111100000011111111111111111
11111111100000011111111111111111
11111111000000111111100000011111
11111110000001111100000000001111
11111110000000000000000000001111
11111100000000000000000000001111
11111110000000000000000000000111
11111111000000000000000000001111
11111111000000000000000001111111
11111111000000000000001111111111
11111111000000000001111111111111
