11111111111111100111111111111111
11111111111100000000111111111111
11111111110000000000011111111111
11111110000000000000000111111111
11111110000000000000000111111111
11111100000000000000000011111111
11111000000000000000000011111111
11111000000000111000000011111111
11111100000111111110000011111111
11111100011111111110000111111111
11111110011111111100000111111111
11111111111111111100000111111111
11111111111111111100000111111111
11111111111111111100000111111111
11111111111111110000000111111111
11111111111111100000001111111111
11111111111111100000011111111111
11111111111111100000111111111111
11111111111111000000111111111111
11111111111110000011111111111111
11111111111100000011111111111111
11111111111100000001111111111111
11111111111100000011111111111111
11111111111000000111111111111111
11111111110000001111111000111111
11111111110000001110000000111111
11111111110000000000000000011111
11111111110000000000000000011111
11111111110000000000000000111111
11111111110000000000000011111111
11111111111100000000011111111111
11111111111111000000111111111111
