11111111110000001111111111111111
11111111100000000111111111111111
11111111000000000011111111111111
11111111000000000001111111111111
11111110000000000001111111111111
11111110000000000000111111111111
11111100000010000000111111111111
11111100000011000000111111111111
11111110000011000000111111111111
11111110000111000000111111111111
11111110000011000000111111111111
11111110000011100000111111111111
11111111000111100000111111111111
11111111111110000001111111111111
11111111111110000001111111111111
11111111111110000001111111111111
11111111111110000001111111111111
11111111111110000001111111111111
11111111111100000011111111111111
11111111111100000011111111111111
11111111110000001111111111111111
11111111100000001111111111111111
11111111000000001111111111111111
11111110000000000111100111111111
11111100000000000001000011111111
11111100000000000000000011111111
11111100000000000000000001111111
11111100000000000000000001111111
11111110000000000000000001111111
11111111000000000000000001111111
11111111100000000000000001111111
11111111111110000000000011111111
