11111111100001111111111111111111
11111111100000111111111111111111
11111110000000011111111111111111
11111110000000000111111111111111
11111110000000000111111111111111
11111110000000000111111111111111
11111100000110000011111111111111
11111100001111000011111111111111
11111100001111000011111111111111
11111100011111000011111111111111
11111100011111100011111111111111
11111100011111100011111111111111
11111100011111000011111111111111
11111110011111000011111111111111
11111111111111000111111111111111
11111111111111000111111111111111
11111111111111000111111111111111
11111111111111000111111111111111
11111111111110000111111111111111
11111111111100000111111111111111
11111111111100001111111111111111
11111111111000001111111111111111
11111111110000011111111111111111
11111111100000011111111011111111
11111111000000011111100001111111
11111110000000000000000000111111
11111110000000000000000000111111
11111110000000000000000000111111
11111110000000000000000000111111
11111110000000000000000000111111
11111111000001111111111000011111
11111111101111111111111111111111
