11111111111100111111111111111111
11111111111000011111111111111111
11111111110000000111111111111111
11111111100000000111111111111111
11111111000000000011111111111111
11111110000000000011111111111111
11111110000000000011111111111111
11111110000111000011111111111111
11111100001111000001111111111111
11111100001111100001111111111111
11111100011111100001111111111111
11111100011111100001111111111111
11111100011111100001111111111111
11111110011111100001111111111111
11111111111111100011111111111111
11111111111111100011111111111111
11111111111111000011111111111111
11111111111111000011111111111111
11111111111111000011111111111111
11111111111111000011111111111111
11111111111110000111111111111111
11111111111110000111111111111111
11111111111110000111111111111111
11111111111100000111111111111111
11111111110000000000000001111111
11111111110000000000000000111111
11111111100000000000000000111111
11111111100000000000000000111111
11111111100000000000000000111111
11111111110000000000000000111111
11111111110000000011000000111111
11111111111111111111111001111111
