11111111110011111111111111111111
11111111100000111111111111111111
11111111000000011111111111111111
11111110000000001111111111111111
11111100000000001111111111111111
11111100000000001111111111111111
11111000000000000111111111111111
11111000001110000111111111111111
11111000011110000111111111111111
11111000011110000111111111111111
11111110001111000011111111111111
11111110001111000011111111111111
11111110001111000011111111111111
11111110011111000111111111111111
11111111111110000111111111111111
11111111111110000111111111111111
11111111111000000111111111111111
11111111111000000111111111111111
11111111111100001111111111111111
11111111111000001111111111111111
11111111111000011111111111111111
11111111111000011111111111111111
11111111110000111111111111111111
11111111110000011111111111111111
11111110000000011111111111111111
11111110000000000000000001111111
11111110000000000000000000111111
11111110000000000000000000011111
11111111000000000000000000011111
11111111000000000000000000011111
11111111110000000000000000011111
11111111111111111111111000111111
