11111111111000001111111111111111
11111111100000000111111111111111
11111111000000000011111111111111
11111111100000000001111111111111
11111111000000000001111111111111
11111111000000000001111111111111
11111110000000000000111111111111
11111110000000110000011111111111
11111110000001110000001111111111
11111100000001110000011111111111
11111100000011110000011111111111
11111110000011111000001111111111
11111110000011110000011111111111
11111110000011110000011111111111
11111111000111110000011111111111
11111111111111111000001111111111
11111111111111110000011111111111
11111111111111110000011111111111
11111111111111110000001111111111
11111111111111110000011111111111
11111111111111110000011111111111
11111111111111100000111111111111
11111111111111100000011111111111
11111111111111000000111111111111
11111111111110000000111111111111
11111111111000000001111111111111
11111111110000000000000000000111
11111111100000000000000000000011
11111111100000000000000000000011
11111111000000000000000000000011
11111111100000000000000000000011
11111111110000001000000000001111
