11111111110000001111111111111111
11111111100000000111111111111111
11111111100000000111111111111111
11111110000000000111111111111111
11111110000000000111111111111111
11111110000000000111111111111111
11111110000110000111111111111111
11111100000110000111111111111111
11111100001111000011111111111111
11111100001111100011111111111111
11111100001111000011111111111111
11111000011111000011111111111111
11111000011111000011111111111111
11111100011111000011111111111111
11111110111111000011111111111111
11111111111111000011111111111111
11111111111111000011111111111111
11111111111111000111111111111111
11111111111110000111111111111111
11111111111110000111111111111111
11111111111110000111111111111111
11111111111110000111111111111111
11111111111100001111111111111111
11111111111100001111111111111111
11111111111000000111111111111111
11111111110000000011111111111111
11111111100000000000000000111111
11111111100000000000000000011111
11111111100000000000000000011111
11111111100000000000000000011111
11111110000001000000000000111111
11111110000011111111000001111111
