11111111000000011111111111111111
11111110000000001111111111111111
11111110000000000111111111111111
11111110000000000001111111111111
11111100000000000001111111111111
11111100000000000001111111111111
11111100000111000001111111111111
11111100001111000001111111111111
11111100001111000001111111111111
11111000001111000001111111111111
11111100001111000001111111111111
11111100001111000001111111111111
11111110000111100000111111111111
11111111001111100000111111111111
11111111111111100000111111111111
11111111111111000000111111111111
11111111111111000000111111111111
11111111111110000001111111111111
11111111111110000001111111111111
11111111111110000011111111111111
11111111111100000011111111111111
11111111111100000011111111111111
11111111111100000011111111111111
11111111111000000011111111111111
11111111110000000111100000111111
11111111000000000000000000011111
11111110000000000000000000011111
11111100000000000000000000001111
11111100000000000000000000001111
11111110000000000000000000001111
11111111000000000000000000001111
11111111000000000000000000011111
