11111111111110000111111111111111
11111111110000000011111111111111
11111111100000000001111111111111
11111111110000000000011111111111
11111111000000000000011111111111
11111111000000000000001111111111
11111111000000110000001111111111
11111110000011111100001111111111
11111111000001111111000111111111
11111111100001111111000011111111
11111111100011111111000011111111
11111111110111111111000011111111
11111111111111111111000011111111
11111111111111111111000001111111
11111111111111111111100001111111
11111111111111111111000001111111
11111111111111111111000011111111
11111111111111111110000011111111
11111111111111111100000011111111
11111111111111111101111111111111
11111111111111111111111111111111
11111111111111111111111111111111
11111111111111111111111111111111
11111111111111111111111111111111
11111111111111111111111111111111
11111111111111111111111111111111
11111111111111111111111111111111
11111111111111111111111111111111
11111111111111111111111111111111
11111111111111111111111111111111
11111111111111111111111111111111
11111111111111111111111111111111
