11111111100001111111111111111111
11111111000000111111111111111111
11111110000000011111111111111111
11111110000000000111111111111111
11111100000000000011111111111111
11111100000000000011111111111111
11111100000000000011111111111111
11111100000100000001111111111111
11111100000110000001111111111111
11111100001110000001111111111111
11111100000110000001111111111111
11111100001111000001111111111111
11111110000111100000111111111111
11111111001111000000111111111111
11111111111111000000111111111111
11111111111111000000111111111111
11111111111111000000111111111111
11111111111111000001111111111111
11111111111110000001111111111111
11111111111110000001111111111111
11111111111100000011111111111111
11111111111110000001111111111111
11111111111100000001111111111111
11111111110000000011111111111111
11111111000000000000111111111111
11111110000000000000000000111111
11111100000000000000000000011111
11111100000000000000000000011111
11111100000000000000000000001111
11111110000000000000000000001111
11111111100000000100000000000111
11111111110111111111110000001111
