11111111111001111111111111111111
11111111100000111111111111111111
11111110000000011111111111111111
11111111000000000011111111111111
11111110000000000001111111111111
11111110000000000001111111111111
11111100000000000001111111111111
11111110001111100001111111111111
11111110001111100000111111111111
11111110001111100000111111111111
11111110001111100000111111111111
11111110001111110000111111111111
11111111011111110000111111111111
11111111111111110000111111111111
11111111111111110000111111111111
11111111111111110001111111111111
11111111111111110001111111111111
11111111111111100001111111111111
11111111111111000001111111111111
11111111111111000001111111111111
11111111111110000011111111111111
11111111111100000011111111111111
11111111111100000011111111111111
11111111000000001111111111111111
11111111000000000001111111111111
11111110000000000000001111111111
11111100000000000000000001111111
11111110000000000000000000111111
11111110000000000000000000111111
11111110000000110000000000111111
11111111100001111111100000011111
11111111111111111111111110011111
