11111111111110000111111111111111
11111111111100000011111111111111
11111111100000000001111111111111
11111111100000000000111111111111
11111111000000000000011111111111
11111110000000000000011111111111
11111100000000000000011111111111
11111110000000011000001111111111
11111100000001111000011111111111
11111000000111111000011111111111
11111000001111111000011111111111
11111100001111111000011111111111
11111000001111110000011111111111
11111000001111110000011111111111
11111000001111110000111111111111
11111100000111111000011111111111
11111100000111111000011111111111
11111100000111110000011111111111
11111111001111111000011111111111
11111111111111100000011111111111
11111111111111100000111111111111
11111111111111000000111111111111
11111111111111000000011111111111
11111111111110000000011110111111
11111111111100000000010000011111
11111111111000000000000000001111
11111111110000000000000000000111
11111111110000000000000000000111
11111111110000000000000000000111
11111111100000000000000000001111
11111111110000000000000100001111
11111111111000000011111111011111
