11111111111000000111111111111111
11111111110000000011111111111111
11111111100000000011111111111111
11111111000000000001111111111111
11111111000000000001111111111111
11111110000000000001111111111111
11111110000000000000011111111111
11111110000001100000011111111111
11111110000011100000011111111111
11111110000111100000011111111111
11111100000111000000111111111111
11111100000111000000111111111111
11111100000111000000111111111111
11111111000111100000011111111111
11111111101111000000111111111111
11111111111110000000111111111111
11111111111100000001111111111111
11111111111100000001111111111111
11111111111000000011111111111111
11111111111000000011111111111111
11111111111000000011111111111111
11111111100000000011111111111111
11111111000000000111111111111111
11111110000000001111110000111111
11111110000000000000100000011111
11111110000000000000000000011111
11111110000000000000000000001111
11111110000000000000000000000111
11111111000000000000000000000111
11111111100000000000000000001111
11111111110000000100000000011111
11111111111111111111111100111111
