11111111111110000111111111111111
11111111111000000011111111111111
11111111110000000011111111111111
11111111000000000001111111111111
11111110000000000001111111111111
11111110000000000001111111111111
11111100000000000001111111111111
11111000000000000001111111111111
11111000000001000001111111111111
11111000000011000001111111111111
11111000000110000001111111111111
11111000000110000011111111111111
11111000001100000011111111111111
11111000011100000011111111111111
11111100111100000011111111111111
11111111111100000111111111111111
11111111111000000111111111111111
11111111111000000111111111111111
11111111111000000111111111111111
11111111110000001111111111111111
11111111110000001111111111111111
11111111110000001111111111111111
11111111110000011111111111111111
11111111100000011111111111111111
11111111100000011111111111111111
11111111100000000000111111111111
11111111100000000000000001111111
11111111100000000000000000111111
11111111100000000000000000011111
11111111110000000000000000011111
11111111111000000000000000011111
11111111111100000000000000111111
