11111111100111111111111111111111
11111111000001111111111111111111
11111110000001111111111111111111
11111110000000111111111111111111
11111110000000111111111111111111
11111110000000111111111111111111
11111100000000011111111111111111
11111100000000011111111111111111
11111100000000011111111111111111
11111100011000011111111111111111
11111100011100001111111111111111
11111100011100001111111111111111
11111110011100001111111111111111
11111110011100001111111111111111
11111111011100001111111111111111
11111111111100011111111111111111
11111111111100011111111111111111
11111111111000011111111111111111
11111111111000011111111111111111
11111111110000011111111111111111
11111111110000111111111111111111
11111111100000111111111111111111
11111111000000111111111111111111
11111110000000111111111111111111
11111110000000000000111111111111
11111110000000000000000011111111
11111100000000000000000000111111
11111100000000000000000000111111
11111110000000000000000000111111
11111110000000000000000111111111
11111110000000000000111111111111
11111111100000000011111111111111
