11111111110000111111111111111111
11111111100000011111111111111111
11111111000000001111111111111111
11111111000000000011111111111111
11111111000000000011111111111111
11111110000000000011111111111111
11111110000000000001111111111111
11111111000001000000111111111111
11111111000001000000111111111111
11111110000011000000111111111111
11111110000011000000111111111111
11111111000001100000011111111111
11111111000001100000111111111111
11111110000011000000111111111111
11111110000011000000111111111111
11111111000001100000111111111111
11111111000011000000111111111111
11111111000110000000111111111111
11111111110111000000111111111111
11111111111111000001111111111111
11111111111110000001111111111111
11111111111100000011111111111111
11111111111100000000011111111111
11111111110000000000000111111111
11111111100000000000000001111111
11111111100000000000000000111111
11111111100000000000000000000111
11111111100000000000000000000011
11111111000000001111000000000011
11111111000000111111110000000111
11111111100000011111111101111111
11111111110000111111111111111111
