11111111111111001111111111111111
11111111111000000000111111111111
11111111100000000000011111111111
11111111000000000000011111111111
11111111000000000000001111111111
11111110000000000000001111111111
11111110000000000000111111111111
11111110000011111000001111111111
11111100000111111100001111111111
11111110001111111000000111111111
11111111001110000000001111111111
11111111111100000000001111111111
11111111111000000000011111111111
11111111111000100000111111111111
11111111111000000000011111111111
11111111110000000000011111111111
11111111111100000000000111111111
11111111111110000000000111111111
11111111111111110000000011111111
11111111111111111100000001111111
11111111111111111100000001111111
11111111111111111110000001111111
11111111111111111111000001111111
11111111111111111111000000111111
11111111111111111111000000111111
11111111111111111100000001111111
11111111000111100000000001111111
11111111000000000000000001111111
11111111000000000000000111111111
11111111100000000000111111111111
11111111000000111111111111111111
11111111100111111111111111111111
