11111111111101100011111111111111
11111111100000000000111111111111
11111111000000000000011111111111
11111110000000000000001111111111
11111100000000000000000111111111
11111000000000000000000111111111
11111100000000110110000011111111
11111100110011111110000011111111
11111100000111111110000011111111
11111100001111111100000111111111
11111100001111111000000111111111
11111100011111111000001111111111
11111100011111100000011111111111
11111110001111100000001111111111
11111111111110000000011111111111
11111111111110000000001111111111
11111111111110000000000011111111
11111111111110000000000011111111
11111111111111000000000001111111
11111111111111111100000001111111
11111111111111111111100000011111
11111111111111111111100000011111
11111111111111111111110000011111
11111111111111111111110000011111
11111111111111111111110000011111
11111111111111111111110000011111
11111111001111001111000000011111
11111111100000000000000000001111
11111111000000000000000000011111
11111111000000000000000000111111
11111111100000000000000001111111
11111111111111110100001111111111
