11111111111110001111111111111111
11111111100000000001111111111111
11111111100000000001111111111111
11111111000000000000111111111111
11111100000000000000111111111111
11111100000000000000001111111111
11111000000001110000001111111111
11111000000111100000001111111111
11111100001111000000011111111111
11111111111110000000111111111111
11111111111100000000111111111111
11111111111100000001111111111111
11111111111000000000111111111111
11111111111000000000111111111111
11111111111000000000001111111111
11111111111000000000000111111111
11111111111100100000000011111111
11111111111111111100000001111111
11111111111111111110000001111111
11111111111111111111100000011111
11111111111111111111100000011111
11111111111111111111110000011111
11111111111111111111100000011111
11111111111111111111111000001111
11111111100011111111111000001111
11111111100001111111110000001111
11111111000000111110000000011111
11111111010000000000000000011111
11111111110000000000000000111111
11111111100000000000000001111111
11111111110000000000000111111111
11111111111100000000000111111111
