11111111111111111000001111111111
11111111110000000000000001111111
11111111100000000000000001111111
11111110000000000000000000111111
11111110000000000000000000111111
11111110000011111111100000111111
11111100000111111111100000111111
11111100000111111111000000111111
11111100000111111111000000111111
11111110000111111110000011111111
11111111100111111100000011111111
11111111111111110000000111111111
11111111111111110000001111111111
11111111111111000000111111111111
11111111111111000000111111111111
11111111111111000011111111111111
11111111111111000011111111111111
11111111111111000001111111111111
11111111111111000001111111111111
11111111111111000001111111111111
11111111111111100000111111111111
11111111111111110000111111111111
11111111111111110000011111111111
11111111111111111000011111111111
11111111111111111000011111111111
11111111111111111000001111111111
11111111100111111000000111111111
11111111100011111000000111111111
11111111100000000000001111111111
11111111100000000000011111111111
11111111100000000000111111111111
11111111110000000011111111111111
