11111111111100000000011111111111
11111111110000000000001111111111
11111111100000000000000111111111
11111111100000000000000011111111
11111111000000000000000011111111
11111110000000000000000011111111
11111111000000001100000011111111
11111111000000111110000001111111
11111111000000111100000001111111
11111111100000111000000011111111
11111111100000110000000111111111
11111111110000110000000011111111
11111111111001100000000111111111
11111111111111000000001111111111
11111111111111000000011111111111
11111111111111100000011111111111
11111111111111100000011111111111
11111111111111000000011111111111
11111111111111100000001111111111
11111111111111110000001111111111
11111111111111110000000111111111
11111111111111111000000111111111
11111111111111111100000011111111
11111111111111111100000011111111
11111111111111111100000011111111
11111111111111111000000011111111
11111111111111100000000001111111
11111111111110000000000001111111
11111111110000000000000011111111
11111111100000000000000111111111
11111111100000000000000111111111
11111111110000000000001111111111
