11111111111100000000111111111111
11111111000000000000001111111111
11111110000000000000000111111111
11111110000000000000000011111111
11111110000000000000000001111111
11111110000000011110000001111111
11111111000000111110000001111111
11111111100001111110000001111111
11111111111111111111000000111111
11111111111111111111000000111111
11111111111111111100000001111111
11111111111111111000000001111111
11111111111111110000000011111111
11111111111111000000000111111111
11111111111111000000000111111111
11111111111111000000000111111111
11111111111111000000000011111111
11111111111111000000000001111111
11111111111111100000000000111111
11111111111111111110000000011111
11111111111111111111100000001111
11111111111111111111110000001111
11111111111111111111110000001111
11111111111111111111110000001111
11111111111111111111110000001111
11111111111111111111110000000111
11111111110011111110000000000111
11111111000000000000000000001111
11111110000000000000000000001111
11111110000000000000000000011111
11111111100000000000000000111111
11111111110000000000000001111111
