11111111111100001111111111111111
11111111110000000011111111111111
11111111100000000011111111111111
11111111000000000000111111111111
11111110000000000000111111111111
11111100000011111000111111111111
11111000000111111000111111111111
11111000001111111000111111111111
11111000001111111000111111111111
11111100001111110000111111111111
11111100001111110000111111111111
11111111111111100001111111111111
11111111111111110000111111111111
11111111111111000000001111111111
11111111111110000000000111111111
11111111111100000000000011111111
11111111111110000000000001111111
11111111111110000110000001111111
11111111111110011111100000111111
11111111111111111111110000111111
11111111111111111111110000111111
11111111111111111111111100011111
11111111111111111111111000011111
11111111111111111111111000011111
11111111111111111111110000111111
11111111111111111111110000111111
11111111100011111110000001111111
11111111100011111100000011111111
11111111100000000000000111111111
11111111100000000000001111111111
11111111110000000000001111111111
11111111111000000000111111111111
