11111111111111000111111111111111
11111111111100000011111111111111
11111111110000000000111111111111
11111111110000000000011111111111
11111111000000000000001111111111
11111111000000000000001111111111
11111100000000111110001111111111
11111100000000111110001111111111
11111100000001111110001111111111
11111100000011111110001111111111
11111000000011111100001111111111
11111100001111111000011111111111
11111110001111111000001111111111
11111111111111110000001111111111
11111111111111110000001111111111
11111111111111110000000111111111
11111111111111110000000111111111
11111111111111111000000011111111
11111111111111111111000001111111
11111111111111111111000001111111
11111111111111111111100000111111
11111111111111111111111000011111
11111111111111111111111000011111
11111111111111111111111100011111
11111111100011111111111000011111
11111111100011111111110000011111
11111111100011111111100000011111
11111111100000010000000000111111
11111111100000000000000001111111
11111111110000000000000111111111
11111111111000000000000011111111
11111111111110000001111111111111
