11111111111100000011111111111111
11111111111000000001111111111111
11111111110000000000001111111111
11111111100000000000001111111111
11111111100000000010000111111111
11111111100000011100000111111111
11111111110001111110000011111111
11111111110011111100000111111111
11111111111111111110000111111111
11111111111111111110000111111111
11111111111111111110000111111111
11111111111111111000001111111111
11111111111111111000011111111111
11111111111111110000011111111111
11111111111110000000111111111111
11111111100000000001111111111111
11111111000000000000011111111111
11111111000000000000001111111111
11111110000000000000011111111111
11111110000010111000001111111111
11111111000111111000000111111111
11111111111111111110000011111111
11111111111111111110000111111111
11111111111111111110000011111111
11111111111111111111000011111111
11111111111111111111000011111111
11111111111111111110000111111111
11111111100000000000000111111111
11111111100000000000001111111111
11111111110000000000001111111111
11111111100000000001111111111111
11111111111000000111111111111111
