11111111111111100111111111111111
11111111110000000000001111111111
11111111000000000000000111111111
11111111100000000000000001111111
11111111000000000000000001111111
11111111000000111111000000111111
11111111000001111111100000111111
11111111000000111111100001111111
11111111100111111111000011111111
11111111111111111100000011111111
11111111111111111100000111111111
11111111111111110000001111111111
11111111111111100000001111111111
11111111111110000000111111111111
11111111111110000000001111111111
11111111111110000000000111111111
11111111111111000000000011111111
11111111111111111100000001111111
11111111111111111111000001111111
11111111111111111111100000111111
11111111111111111111110000111111
11111111111111111111110000111111
11111111111111111111110000111111
11111111111111111111110000111111
11111111111111111111100000111111
11111100111111111111000001111111
11111100011111111111000001111111
11111100000111111100000011111111
11111100000000100000000011111111
11111111000000000000001111111111
11111111110000000000011111111111
11111111111100000001111111111111
