11111111111111000000011111111111
11111111111110000000011111111111
11111111110000000000000111111111
11111111110000000000000111111111
11111111000000000000000011111111
11111110000000001100000111111111
11111100000001111100000111111111
11111000000011111000001111111111
11111000000111110000001111111111
11111000001111100000011111111111
11111100000111100000001111111111
11111110000111000000011111111111
11111111001110000000011111111111
11111111111000000000000111111111
11111111110000000000000011111111
11111111100000000000000001111111
11111111110000001110000000111111
11111111111100111111000000111111
11111111111111111111100000111111
11111111111111111111110000111111
11111111111111111111110000111111
11111111100111111111110000111111
11111111000111111111100000111111
11111111000001111111110000111111
11111111000001111111000000111111
11111111100001111100000001111111
11111111100000111000000001111111
11111111100000000000000111111111
11111111100000000000000111111111
11111111110000000000001111111111
11111111111000000000111111111111
11111111111111001111111111111111
