11111111111100111111111111111111
11111111111100000011111111111111
11111111110000000000111111111111
11111110000000000000011111111111
11111100000000000000000111111111
11111100000000000000000011111111
11111100000000000000000111111111
11111000000001000000000111111111
11111000000111000000001111111111
11111100001110000000001111111111
11111110011111000000001111111111
11111111111111000000011111111111
11111111111100000001111111111111
11111111111100000011111111111111
11111111111110000011111111111111
11111111111110000001111111111111
11111111111110000001111111111111
11111111111110000000111111111111
11111111111111000000001111111111
11111111111111110000000111111111
11111111111111111000000111111111
11111111111111111000000111111111
11111111111111110000000111111111
11111111111111111000000011111111
11111111111111111000000011111111
11111111111111100000000111111111
11111111111100000000011111111111
11111111110000000000111111111111
11111111110000000000111111111111
11111111110000000001111111111111
11111111100000001111111111111111
11111111100000001111111111111111
