11111111000011111111111111111111
11111111100011111111111111111111
11111111100011111111111111111111
11111111000000000000111111111111
11111110000000000000011111111111
11111100000000000000001111111111
11111000000000000000000111111111
11111000000000000000000111111111
11111100000000000000000011111111
11111110000001111000000011111111
11111111000111111000000011111111
11111111111111110000000111111111
11111111111111000000000111111111
11111111111100000000001111111111
11111111111100000000001111111111
11111111111100000000000111111111
11111111111100000000000011111111
11111111111110000000000001111111
11111111111111000000000000111111
11111111111111110000000000011111
11111111111111111111100000001111
11111111111111111111110000001111
11111111111111111111111000001111
11111111101111111111111000001111
11111111000111111111110000001111
11111111000011111111110000001111
11111110000011111110000000001111
11111110000000000000000000011111
11111111000000000000000000111111
11111111100000000000000001111111
11111111110000000000000011111111
11111111111000000000000111111111
