11111111111100000000011111111111
11111111111000000000001111111111
11111111110000000000001111111111
11111111110000000000000111111111
11111111110000000000000011111111
11111111110000000000000011111111
11111111110000011110000011111111
11111111111100011110000001111111
11111111111110111100000001111111
11111111111111111000000011111111
11111111111111100000000011111111
11111111111111000000000011111111
11111111111000000000000111111111
11111111110000000000001111111111
11111111110000000000111111111111
11111111111000000000111111111111
11111111111000000000011111111111
11111111111100000000001111111111
11111111111111100000000111111111
11111111111111111000000011111111
11111111111111111100000011111111
11111111111111111110000001111111
11111111100111111111100000111111
11111111000011111111000000111111
11111111000011111110000000111111
11111111000011111100000000111111
11111111100000000000000000111111
11111111100000000000000001111111
11111111100000000000000001111111
11111111110000000000000011111111
11111111111100000000000111111111
11111111111110000000001111111111
