11111111111111100011111111111111
11111111111110000000111111111111
11111111100000000000011111111111
11111111110000000000001111111111
11111111100000000000001111111111
11111111100000011100000111111111
11111111100000111110000111111111
11111111111101111111000011111111
11111111111111111110000011111111
11111111111111111110000011111111
11111111111111111100000111111111
11111111111111111100000011111111
11111111111111111000000111111111
11111111111111110000001111111111
11111111111111100000011111111111
11111111111000000000011111111111
11111111111000000000111111111111
11111111111000000000111111111111
11111111111100000000111111111111
11111111111111000000011111111111
11111111111111110000001111111111
11111111111111111000000111111111
11111111111111111110000011111111
11111111111111111111000001111111
11111111111111111111100001111111
11111111111111111111110001111111
11111111110011111111110000011111
11111111110001111110100000011111
11111111100000000000000000011111
11111111100000000000000000111111
11111111111000000000000000111111
11111111111111100000011111111111
