11111111111000000001111111111111
11111111110000000000011111111111
11111111000000000000001111111111
11111100000000000000011111111111
11111100000000000000001111111111
11111000000000000000001111111111
11111000000011110000000111111111
11111000000111111000000111111111
11111100001111110000000111111111
11111110011111100000001111111111
11111111111110000000011111111111
11111111111100000000011111111111
11111111111000000000111111111111
11111111111000000000001111111111
11111111111000000000000111111111
11111111111000000000000011111111
11111111111100000000000011111111
11111111111111111100000001111111
11111111111111111110000001111111
11111111111111111111000000111111
11111111111111111111000000111111
11111111111111111111100000011111
11111111111111111111100000011111
11111111111111111111100000011111
11111111100001111111100000011111
11111111000000111111100000011111
11111110000001111111000000111111
11111110000000111110000000111111
11111110000000000000000000111111
11111111000000000000000001111111
11111110000000000000000111111111
11111111000000000000001111111111
