11111111111000000111111111111111
11111111110000000011111111111111
11111111100000000001111111111111
11111111100000000000011111111111
11111110000000000000011111111111
11111100000000000000011111111111
11111000000001110000001111111111
11111000000011110000001111111111
11110000000111110000001111111111
11110000001111110000001111111111
11110000001111100000011111111111
11110000001111000000111111111111
11111100000111100000011111111111
11111110001110000000001111111111
11111111111100000000000111111111
11111111111000000000000011111111
11111111111000000000000001111111
11111111111100000000000000111111
11111111111111001110000000111111
11111111111111111111100000011111
11111111111111111111100000011111
11111111111111111111110000001111
11111111111111111111110000001111
11111111111111111111110000001111
11111111111111111111110000001111
11111111111100111111100000011111
11111111111000011111000000011111
11111111110000001100000000111111
11111111100000000000000000111111
11111111100000000000000001111111
11111111111000000000000001111111
11111111111100000000000111111111
