11111111111000000011111111111111
11111111100000000001111111111111
11111111000000000001111111111111
11111111000000000000011111111111
11111110000000000000011111111111
11111100000000000000001111111111
11111100000000110000011111111111
11111000000111111000001111111111
11111100000111111000011111111111
11111110001111110000011111111111
11111111011111110000011111111111
11111111111111100000111111111111
11111111111111100000111111111111
11111111111111000000011111111111
11111111111110000000000011111111
11111111111100000000000001111111
11111111111000000000000001111111
11111111111000000000000001111111
11111111111100000000000000111111
11111111111110011111000000111111
11111111111111111111100000111111
11111111111111111111100000111111
11111111110111111111110000011111
11111111100011111111110000111111
11111111000001111111100000111111
11111111000001111111000000111111
11111111000000111100000000111111
11111111000000000000000001111111
11111111000000000000000001111111
11111111000000000000000011111111
11111111110000000000000111111111
11111111111100000000001111111111
