11111111111111000000011111111111
11111111111000000000001111111111
11111111110000000000000111111111
11111111100000000000000111111111
11111111000000000000000111111111
11111110000000000000000111111111
11111100000000111100000111111111
11111100000011111100000111111111
11111110000011111100000111111111
11111111000111111100000111111111
11111111111111111100000111111111
11111111111111111000000111111111
11111111111111100000011111111111
11111111111100000000011111111111
11111111111000000000001111111111
11111111111000000000000011111111
11111111111000000000000001111111
11111111111000000000000001111111
11111111111100000000000000111111
11111111111111101100000000011111
11111111111111111111100000011111
11111111111111111111100000111111
11111111111111111111110000111111
11111111111011111111110000111111
11111111110001111111100000111111
11111111100001111111000000111111
11111111100000011110000000111111
11111111100000000000000001111111
11111111110000000000000011111111
11111111110000000000000011111111
11111111110000000000001111111111
11111111111000000000111111111111
