11111111111000000000001111111111
11111111100000000000000111111111
11111110000000000000000011111111
11111110000000000000000001111111
11111100000000011110000000111111
11111000000001111111000000111111
11111000000011111110000000111111
11111000000111111110000001111111
11111100000111111100000011111111
11111100000111111000000011111111
11111100000111110000000111111111
11111110001111100000001111111111
11111111111111000000000111111111
11111111111110000000000011111111
11111111111110000000000001111111
11111111111111000000000000111111
11111111111111100000000000111111
11111111111111111111000000011111
11111111111111111111100000011111
11111111111111111111100000011111
11111111111111111111100000011111
11111111111111111111100000011111
11111111101111111111100000011111
11111110000111111111100000011111
11111100000011111111000000111111
11111100000111111111000000111111
11111100000111111110000001111111
11111100000011111100000011111111
11111100000000000000000111111111
11111110000000000000000111111111
11111111100000000000000111111111
11111111110000000000011111111111
