11111111111111000011111111111111
11111111111000000001111111111111
11111111100000000000111111111111
11111110000000000000001111111111
11111100000000000000000111111111
11111100000000000000000111111111
11111100000000000000001111111111
11111100000111110000001111111111
11111100001111110000001111111111
11111110011111100000011111111111
11111111111111100000011111111111
11111111111111100000111111111111
11111111111111100000111111111111
11111111111111100000111111111111
11111111111111100001111111111111
11111111111111100001111111111111
11111111111111100000111111111111
11111111111111100000111111111111
11111111111111100000001111111111
11111111111111110000000111111111
11111111111111110000000011111111
11111111111111111100000001111111
11111111111111111110000000111111
11111111111111111110000000111111
11111111111111111111000000111111
11111111111111111110000000111111
11111111111110000000000001111111
11111111110000000000000001111111
11111111100000000000000111111111
11111111100000000000001111111111
11111111111000000001111111111111
11111111111110001111111111111111
