11111111111111100011111111111111
11111111111111000000011111111111
11111111111110000000001111111111
11111111111000000000000001111111
11111111000000000000000001111111
11111111000000000000000001111111
11111100000000001100000001111111
11111100000011111110000001111111
11111100000111111110000001111111
11111100001111111110000011111111
11111100011111111110000011111111
11111111111111111100000111111111
11111111111111110000001111111111
11111111111111100000001111111111
11111111111111100000011111111111
11111111111111100000011111111111
11111111111111000000001111111111
11111111111111000000001111111111
11111111111111100000000111111111
11111111111111100000000011111111
11111111111111110000000001111111
11111111111111111000000001111111
11111111111111111100000001111111
11111111111111111110000001111111
11111111111111111110000000111111
11111111111111011110000001111111
11111111111110000000000001111111
11111111111110000000000011111111
11111111111110000000000111111111
11111111111110000000001111111111
11111111111111100000111111111111
11111111111111110111111111111111
