11111111111111111110000011111111
11111111111111111100000011111111
11111111111111110000000011111111
11111111111110000000000011111111
11111111111100000000000001111111
11111111111100000000100000111111
11111111110000000011100000111111
11111111100000000111100000111111
11111111100000011111100000111111
11111111000000111111000001111111
11111110000001111111000001111111
11111100000001101110000000111111
11111000000000000000000000111111
11111000000000000000000000011111
11111000000000000000000000111111
11111100000000000000000000011111
11111110000000000000000000111111
11111111111111111000001111111111
11111111111111111000001111111111
11111111111111111000001111111111
11111111111111111000001111111111
11111111111111110000111111111111
11111111111111110000011111111111
11111111111111110000011111111111
11111111111111100000111111111111
11111111111111110000111111111111
11111111111111100000111111111111
11111111111111100000111111111111
11111111111111100000011111111111
11111111111111110000011111111111
11111111111111110000111111111111
11111111111111111000111111111111
