11111111111111111000111111111111
11111111111111100000111111111111
11111111111111000000011111111111
11111111111110000000011110011111
11111111111110000000111100001111
11111111111100000001111000011111
11111111111000000011111000001111
11111111110000000111110000001111
11111111100000011111110000011111
11111111100000011111100000011111
11111111000000111111100000011111
11111100000001111111000000111111
11111100000011111111000000011111
11111100000011111111000000001111
11111100000001111111000000001111
11111000000000011000000000011111
11111000000000000000000000011111
11111000000000000000000000011111
11111000000000000000000001111111
11111100000000000000000111111111
11111110000000000000000111111111
11111111100000000000000111111111
11111111100000010000011111111111
11111111111111110000011111111111
11111111111111110000011111111111
11111111111111100000111111111111
11111111111111100000111111111111
11111111111111100000111111111111
11111111111111000001111111111111
11111111111111000001111111111111
11111111111111000001111111111111
11111111111111000011111111111111
