11111111111111110011111111111111
11111111111111110000111111111111
11111111111111100000111111111111
11111111111110000001111111111111
11111111111110000001111111111111
11111111111100000011111111111111
11111111111100000011111100111111
11111111111100000111110000011111
11111111110000011111100000111111
11111111100000111111100000111111
11111111100000111111100000111111
11111111100000111111100000111111
11111111000001111111100000111111
11111111000011111111100000111111
11111100000111111111000001111111
11111100000111111111000011111111
11111100000111111111000001111111
11111100000111111110000000111111
11111100000001101100000000111111
11111100000000000000000001111111
11111100000000000000000001111111
11111111000000000000000001111111
11111111100000000000000111111111
11111111111111101000001111111111
11111111111111111000001111111111
11111111111111110000011111111111
11111111111111110000111111111111
11111111111111100000111111111111
11111111111111100000111111111111
11111111111111100000111111111111
11111111111111100001111111111111
11111111111111100001111111111111
