11111111111111000111111111111111
11111111111110000011111111111111
11111111111110000011111111111111
11111111111110000001111111111111
11111111111110000011111111111111
11111111111110000011111111111111
11111111111110000011111111111111
11111111111100000111111111111111
11111111111100000111000111111111
11111111111000000110000011111111
11111111111000000110000011111111
11111111111000001110000011111111
11111111110000011110000011111111
11111111110000011100000011111111
11111111110000011100000111111111
11111111100000111100000111111111
11111111100000111000000111111111
11111111000000111000000111111111
11111111000001111000000111111111
11111110000001111000000001111111
11111110000000000000000000111111
11111100000000000000000000011111
11111100000000000000000000011111
11111100000000000000000000011111
11111100000000000000000000111111
11111100000000000000000001111111
11111110000000100000111111111111
11111111111111000000111111111111
11111111111110000001111111111111
11111111111110000001111111111111
11111111111110000001111111111111
11111111111110000001111111111111
