11111111111111111110001111111111
11111111111111111000011111111111
11111111111111111000001111111111
11111111111111111000001111111111
11111111111111111000001111111111
11111111111111110000011111111111
11111111111111110000011111111111
11111111111111110000011111111111
11111111111111100000011111111111
11111111111111100000011111111111
11111111111111100000011111111111
11111111111111100000111111111111
11111111111111100000111111111111
11111111111111100000111111111111
11111111111111000000111111111111
11111111111110000001000111111111
11111111111110000010000011111111
11111111111110000010000001111111
11111110100000000100000011111111
11111100000000000100000011111111
11111000000000000000000011111111
11111000000000000000000011111111
11100000000000000000000111111111
11110000000000000000000011111111
11110000000000000000000011111111
11110000000000000000000011111111
11111110011000000000000011111111
11111111111111000000000011111111
11111111111111110000000111111111
11111111111111111000000111111111
11111111111111111000001111111111
11111111111111111100011111111111
