11111111111111111000111111111111
11111111111111110000011111111111
11111111111111100000011111111111
11111111111111100000011111111111
11111111111111000000111111111111
11111111111111000000111111111111
11111111111111000001111111111111
11111111111111000001111111111111
11111111111111000001111111111111
11111111111110000011111111111111
11111111111110000011111100111111
11111111111100000111110000111111
11111111111100000111100000011111
11111111111000001111000000111111
11111111111000001111000000111111
11111111110000011110000001111111
11111111110000011110000000111111
11111111100000011111000000111111
11111110000000000000000001111111
11111000000000000000000001111111
11100000000000000000000011111111
11110000000000000000000011111111
11100000000000000000000111111111
11100000000000000000000111111111
11100000000000000000001111111111
11110011111111111000001111111111
11111111111111111000000111111111
11111111111111111000001111111111
11111111111111110000001111111111
11111111111111100000011111111111
11111111111111100000011111111111
11111111111111100000111111111111
