11111111111111111011111111111111
11111111111111000111111111111111
11111111111111000011111111111111
11111111111111000001111111111111
11111111111110000001111111111111
11111111111100000111111111111111
11111111111000000111111111111111
11111111111000000111111111111111
11111111110000011111111111111111
11111111110000011111111111111111
11111111110000011111111111111111
11111111000000111110011111111111
11111111000000111110001111111111
11111110000000111100001111111111
11111110000001111000000111111111
11111100000011110000001111111111
11111100000000000000000111111111
11111100000000000000000001111111
11111000000000000000000011111111
11111110000000000000000001111111
11111110000000000000000011111111
11111111111111100000000011111111
11111111111111100000011111111111
11111111111111100000011111111111
11111111111111100000011111111111
11111111111111000000111111111111
11111111111111100000111111111111
11111111111111100000111111111111
11111111111110000001111111111111
11111111111111000011111111111111
11111111111111000001111111111111
11111111111111000001111111111111
