11111111111111111000011111111111
11111111111111110000011111111111
11111111111111100000001111111111
11111111111111000000011111111111
11111111111111100000011111111111
11111111111111000000111111111111
11111111111111000000111111111111
11111111111111100000011111111111
11111111111111100000011111111111
11111111111111100000011111111111
11111111111111000000111111111111
11111111111111000000111011111111
11111111111111000001110001111111
11111111111110000111100011111111
11111111111100000111100001111111
11111111110000001111000011111111
11111111110000001110000011111111
11111111100000011110000001111111
11111100000000111000000011111111
11111000000000000000000011111111
11110000000000000000000011111111
11100000000000000000000011111111
11100000000000000000000011111111
11000000000000000000000111111111
11100000000000001000000111111111
11100000000111111000001111111111
11111011111111111000001111111111
11111111111111110000001111111111
11111111111111100000001111111111
11111111111111100000001111111111
11111111111111000000011111111111
11111111111111100000111111111111
