11111111111111100011111111111111
11111111111111000011111111111111
11111111111111000011111111111111
11111111111111000011111111111111
11111111111110000011111111111111
11111111111110000111111111111111
11111111111100001111001111111111
11111111111100001110000111111111
11111111111100001110000111111111
11111111111100001110000111111111
11111111111000011110000111111111
11111111111000011110000111111111
11111111111000011110000111111111
11111111110000111100001111111111
11111111100001111100001111111111
11111111100001111100001111111111
11111111000011111100001111111111
11111111000011111100001111111111
11111111000011111100000001111111
11111110000011000000000000111111
11111100000000000000000001111111
11111100000000000000000001111111
11111000000000000000000001111111
11111000000000000000000011111111
11111100000000000000000011111111
11111110000001110000111111111111
11111110111111100000111111111111
11111111111111000001111111111111
11111111111111000001111111111111
11111111111111000001111111111111
11111111111111000001111111111111
11111111111111100011111111111111
