11111111111111110000011111111111
11111111111111110000011111111111
11111111111111110000001111111111
11111111111111100000011111111111
11111111111111100000001111111111
11111111111111100000001111111111
11111111111111100000011111111111
11111111111111100000011111111111
11111111111111100000011111111111
11111111111111000000111111111111
11111111111111000000111111111111
11111111111111000001110000111111
11111111111110000011000000111111
11111111111110000011000000111111
11111111111100000011000000111111
11111111111000000110000001111111
11111111111000001110000001111111
11111111100000001110000001111111
11111110000000011000000011111111
11111100000000000000000011111111
11111000000000000000000011111111
11100000000000000000000111111111
11100000000000000000000011111111
11110000000000000000000011111111
11111000000000000000000111111111
11111111010000000000000111111111
11111111111111111000000111111111
11111111111111110000000111111111
11111111111111110000000111111111
11111111111111110000000111111111
11111111111111100000001111111111
11111111111111110000011111111111
