11111111111111110000111111111111
11111111111111100000111111111111
11111111111111100000011111111111
11111111111111000000111111111111
11111111111111100000111111111111
11111111111111100000111111111111
11111111111111000001111111111111
11111111111111000001111111111111
11111111111111000001111111111111
11111111111110000011110011111111
11111111111110000001100001111111
11111111111110000011000001111111
11111111111100000110000011111111
11111111111000000110000001111111
11111111111000000110000000111111
11111111110000001100000001111111
11111111110000011100000001111111
11111111000000011100000001111111
11111100000001111000000011111111
11111000000000000000000011111111
11111000000000000000000011111111
11100000000000000000000111111111
11100000000000000000000111111111
11100000000000000000000011111111
11000000000000000000000111111111
11100000000000000000000111111111
11110000010000000000000011111111
11111111111111000000000111111111
11111111111111000000000111111111
11111111111111100000000111111111
11111111111111000000011111111111
11111111111111000000111111111111
