11111111111000001111111111100111
11111111100000001111111110000111
11111111100000001111111100000011
11111111100000001111111100000011
11111111100000011111111000000011
11111111000000111111110000000111
11111110000000111111110000000111
11111110000000111111100000000111
11111110000000111111100000001111
11111110000000111111100000001111
11111100000001111111000000011111
11111100000001111110000000111111
11111100000001111110000000011111
11111110000000111100000000001111
11111100000000000000000000011111
11111100000000000000000000011111
11111110000000000000000000111111
11111111000000000000000111111111
11111111100000000000000111111111
11111111111111000000001111111111
11111111111111000000011111111111
11111111111111000000111111111111
11111111111110000000111111111111
11111111111100000011111111111111
11111111111100000011111111111111
11111111111100000111111111111111
11111111111000000111111111111111
11111111111000000111111111111111
11111111100000011111111111111111
11111111100000011111111111111111
11111111000000111111111111111111
11111111100000111111111111111111
