11111111111111100000111111111111
11111111111110000001111111111111
11111111111110000000111111101111
11111111111110000001111111000111
11111111111100000001111111000011
11111111111000000111111100000111
11111111110000000111111100000111
11111111110000000111111000000111
11111111100000001111111000001111
11111111000000011111110000001111
11111110000001111111100000011111
11111110000011111000000000111111
11111110000011000000000000111111
11111110000000000000000000111111
11111000000000000000000000111111
11111000000000000000000000111111
11111000000000000000000000111111
11111100000000110000000001111111
11111111000111111000000011111111
11111111111111110000011111111111
11111111111111110000111111111111
11111111111111110000111111111111
11111111111111110000111111111111
11111111111111100001111111111111
11111111111111100001111111111111
11111111111111000001111111111111
11111111111111000011111111111111
11111111111111000011111111111111
11111111111100000111111111111111
11111111111110000111111111111111
11111111111110000111111111111111
11111111111110001111111111111111
