11111111111111000011111111111111
11111111111110000011111111101111
11111111111110000011111111000111
11111111111100000011111110000011
11111111111100000011111110000011
11111111111000000111111100000111
11111111111000001111111000001111
11111111110000001111110000001111
11111111110000001111110000011111
11111111110000011111110000011111
11111111000000111111000001111111
11111111000001111111000001111111
11111110000001111111000001111111
11111110000011111110000001111111
11111000000111111000000011111111
11111000000000000000000000111111
11111000000000000000000000011111
11111000000000000000000000011111
11111100000000000000000000011111
11111100000000000000000001111111
11111111000011100000110111111111
11111111111111100000111111111111
11111111111111100000111111111111
11111111111111000001111111111111
11111111111111000001111111111111
11111111111111000001111111111111
11111111111111000001111111111111
11111111111111000011111111111111
11111111111110000111111111111111
11111111111110000111111111111111
11111111111110000011111111111111
11111111111110000011111111111111
