11111111111111111001111111111111
11111111111111110000011111111111
11111111111111100000011111111111
11111111111110000001111111111111
11111111111110000001111111111111
11111111111110000011111111111111
11111111111100000011111111111111
11111111111100000111111111111111
11111111111000001111110011111111
11111111111000001111110001111111
11111111111000011111110000011111
11111111110000011111100000011111
11111111000000111110000000111111
11111111000001111110000001111111
11111110000011111110000001111111
11111110000011111100000001111111
11111110000011111000000111111111
11111100000111111000000111111111
11111100000111111000000011111111
11111100000011111000000111111111
11111100000001111000001111111111
11111000000000000000011111111111
11111110000000000000000011111111
11111110000000000000000011111111
11111111000000000000000011111111
11111111111000000000000001111111
11111111111110000000000001111111
11111111111111000000000011111111
11111111111111100000011111111111
11111111111111100000011111111111
11111111111111100000111111111111
11111111111111111001111111111111
