11111111111111111100001111111111
11111111111111110000001111111111
11111111111111100000001111111111
11111111111111100000001111111111
11111111111111100000001111111111
11111111111111000000111111111111
11111111111111000001111110011111
11111111111110000001111100001111
11111111111110000001111000000111
11111111111100000011111000000111
11111111111000000111110000001111
11111111110000000111110000001111
11111111110000000111110000001111
11111111100000001111110000011111
11111111000000111111000000111111
11111110000000111111000000111111
11111100000000000000000000111111
11111000000000000000000000011111
11111000000000000000000000011111
11111000000000000000000000111111
11111000000000000000000000111111
11111100000000000000000001111111
11111111101011111100000011111111
11111111111111111000000111111111
11111111111111111000000111111111
11111111111111111000000111111111
11111111111111110000000111111111
11111111111111110000000111111111
11111111111111100000001111111111
11111111111111100000001111111111
11111111111111100000001111111111
11111111111111100000011111111111
