11111111111111100001111111111111
11111111111111000001111111111111
11111111111111100000011111111111
11111111111110000000111111111111
11111111111111000001111111111111
11111111111111000001111111111111
11111111111111000001111111111111
11111111111110000011111111111111
11111111111110000011111111111111
11111111111110000011111000111111
11111111111110000011111000011111
11111111111110000111110000011111
11111111111000001111000000111111
11111111111000001111000001111111
11111111111000001110000001111111
11111111110000011110000001111111
11111111000000111110000011111111
11111111000000111110000011111111
11111110000000111100000011111111
11111100000001111100000011111111
11111100000000011000000011111111
11111000000000000000000011111111
11111000000000000000000001111111
11111000000000000000000001111111
11111111110000000000000011111111
11111111111111000000000111111111
11111111111111100000011111111111
11111111111111100000011111111111
11111111111111100000011111111111
11111111111111100000011111111111
11111111111111000000111111111111
11111111111111100000111111111111
