11111111111111000111111111111111
11111111111100000111111111111111
11111111111100000111110011111111
11111111111100000111100001111111
11111111111100000111100000111111
11111111110000011111000001111111
11111111110000011111000001111111
11111111110000011111000001111111
11111111110000011111000001111111
11111111110000111111000001111111
11111111000001111110000011111111
11111111000001111110000011111111
11111111000011111110000011111111
11111110000011111110000001111111
11111000000111000000000000111111
11111000000000000000000000011111
11111000000000000000000000011111
11111000000000000000000000111111
11111000000000000000000001111111
11111000000000000000011111111111
11111100000000000000011111111111
11111111000100110000011111111111
11111111111111110000011111111111
11111111111111000001111111111111
11111111111111000001111111111111
11111111111111000001111111111111
11111111111111000011111111111111
11111111111111000011111111111111
11111111111100000111111111111111
11111111111100000111111111111111
11111111111100000111111111111111
11111111111100000111111111111111
