11111111111000011111111111111111
11111111111000001111111111111111
11111111111000001111111111111111
11111111110000011111111111111111
11111111110000011111111111111111
11111111110000011111111111111111
11111111110000011111011111111111
11111111100000111110001111111111
11111111100000111100000111111111
11111111100000111100000011111111
11111110000011111000001111111111
11111110000011111000001111111111
11111110000011111000001111111111
11111100000000000000000001111111
11111100000000000000000000111111
11111000000000000000000000011111
11111000000000000000000000011111
11111000000000000000000000111111
11111100000000000000100111111111
11111110000011100000111111111111
11111111111111000001111111111111
11111111111111000001111111111111
11111111111111000001111111111111
11111111111110000011111111111111
11111111111110000011111111111111
11111111111100000111111111111111
11111111111100000111111111111111
11111111111100000111111111111111
11111111111100000111111111111111
11111111111000000111111111111111
11111111111000000111111111111111
11111111111000001111111111111111
