11111111110001111111111111111111
11111111100000111111111111111111
11111111100000011111111111111111
11111111000000111100111111111111
11111111000000111000011111111111
11111111000000111000001111111111
11111111000001110000001111111111
11111111000001110000011111111111
11111111000001100000111111111111
11111111000001100000111111111111
11111110000001000000111111111111
11111110000001000000111111111111
11111100000110000011111111111111
11111000000110000011111111111111
11111100000100000011111111111111
11111000000000000000000001111111
11111000000000000000000000111111
11111100000000000000000000011111
11111100000000000000000000011111
11111110000000000000000000111111
11111111000000000000000001111111
11111111000000001111111111111111
11111111110000001111111111111111
11111111100000011111111111111111
11111111100000011111111111111111
11111111100000011111111111111111
11111111100000011111111111111111
11111111100000011111111111111111
11111111100000111111111111111111
11111111100000111111111111111111
11111111000001111111111111111111
11111110000011111111111111111111
