11111111111110000111111111111111
11111111111110000111111111111111
11111111111110000111111111111111
11111111111100000111111111111111
11111111111100000110011111111111
11111111111000000100001111111111
11111111111000001100000111111111
11111111110000001100000111111111
11111111110000011100000111111111
11111111110000011100000111111111
11111111000001111000001111111111
11111111000001111000011111111111
11111110000011111000011111111111
11111110000011110000011111111111
11111100000111110000001111111111
11111000000000000000000001111111
11111000000000000000000000111111
11111000000000000000000000011111
11111000000000000000000000011111
11111100000000000000000000111111
11111110000000000000111111111111
11111111111111100001111111111111
11111111111111000001111111111111
11111111111110000011111111111111
11111111111110000011111111111111
11111111111110000011111111111111
11111111111110000011111111111111
11111111111110000011111111111111
11111111111110000011111111111111
11111111111110000111111111111111
11111111111110000111111111111111
11111111111110000111111111111111
