11111111111111111111111111111111
11111111111111100011111111111111
11111111111111000001111111111111
11111111111111000001111111111111
11111111111000000111111110001111
11111111111100000111111110001111
11111111111000001111111100001111
11111111110000001111111100001111
11111111111000001111111100001111
11111111110000111111110000111111
11111111100001111111100001111111
11111111100001111111100001111111
11111111000011111111000011111111
11111111000011111111000011111111
11111111000011111111000011111111
11111100000111111110000111111111
11111100001111111110000111111111
11111100001111111110000011111111
11111000011111111000000011111111
11111000000000000000000001111111
11111000000000000000000001111111
11111000000000000000000011111111
11111000000000000000000111111111
11111100000000000000111111111111
11111000000011000001111111111111
11111111111111000001111111111111
11111111111111100011111111111111
11111111111111000111111111111111
11111111111111000111111111111111
11111111111110000011111111111111
11111111111111000011111111111111
11111111111111011111111111111111
