11111111111111100001111111111111
11111111111111100000111111111111
11111111111111000000111111111111
11111111111100000001111111111111
11111111111100000011111111111111
11111111111100000111111111111111
11111111110000001111111111111111
11111111100000001111111111111111
11111111100000011111111111111111
11111111000000111111111111111111
11111111000000111111111111111111
11111111000000111111111100111111
11111100000001111111110000011111
11111100000011111111110000001111
11111100000011111111100000001111
11111100000111111111000000011111
11111000000111111111000000011111
11111100000111111110000000111111
11111000000111111100000011111111
11111000000000000000000011111111
11111000000000000000000011111111
11111000000000000000000111111111
11111100000000000000000111111111
11111111000000000000000111111111
11111111111111100000011111111111
11111111111111100000011111111111
11111111111111100000011111111111
11111111111111000000111111111111
11111111111111000000111111111111
11111111111111000000111111111111
11111111111110000001111111111111
11111111111110000001111111111111
