11111111111111111000011111111111
11111111111111110000001111111111
11111111111111100000001111111111
11111111111111000000011111111111
11111111111111000000011111111111
11111111111110000000111111111111
11111111111100000001111111111111
11111111111000000011111111111111
11111111110000000011111111111111
11111111100000000111111111111111
11111111110000000100000011111111
11111111100000001000000001111111
11111111000000001000000001111111
11111110000000011000000011111111
11111110000000111000000011111111
11111110000001111000000011111111
11111100000011110000000111111111
11111100000011110000001111111111
11111100000011100000000001111111
11111000000000000000000000111111
11111000000000000000000000111111
11111100000000000000000000011111
11111100000000000000000000011111
11111111000000000000000000011111
11111111111100000000000111111111
11111111111111100000001111111111
11111111111111100000011111111111
11111111111111100000011111111111
11111111111111100000001111111111
11111111111111100000001111111111
11111111111111100000001111111111
11111111111111110000001111111111
