11111111111111110000111111111111
11111111111111100000011111111111
11111111111111000000111111111111
11111111111111000000111111111111
11111111111100000001111111111111
11111111111100000001111111111111
11111111111100000001111111111111
11111111111000000111111111111111
11111111110000000111111111111111
11111111100000001111111111011111
11111111000000011111111000011111
11111111000000111111110000001111
11111110000001111111100000001111
11111110000001111111100000011111
11111110000001111111100000001111
11111000000011111111000000011111
11111000000011111111000000011111
11111000000011111110000000111111
11111000000011111100000011111111
11110000000000011100000011111111
11111000000000000000000011111111
11110000000000000000000011111111
11110000000000000000000011111111
11110000000000000000000111111111
11111110000000000000000111111111
11111111100000000000001111111111
11111111111111000000111111111111
11111111111111100000011111111111
11111111111111100000011111111111
11111111111111000000011111111111
11111111111111000000011111111111
11111111111111000001111111111111
