11111111111111110000111111111111
11111111111111100000011111111111
11111111111111100000011111111111
11111111111111100000011111111111
11111111111111000000011111111111
11111111111111000000011111111111
11111111111111000000111111111111
11111111111110000000111111111111
11111111111110000001111111111111
11111111111110000001111110111111
11111111111000000011110000111111
11111111111000000111100000011111
11111111111000000111100000011111
11111111110000000111000000011111
11111111110000001111000000011111
11111111100000011111000000011111
11111111000000111111000000111111
11111110000000111110000000111111
11111110000001111110000001111111
11111100000001111110000011111111
11111100000001110000000001111111
11111100000000000000000000111111
11111000000000000000000000011111
11110000000000000000000000111111
11111000000000000000000001111111
11111100000000000000000011111111
11111111100000000000011111111111
11111111111111100000011111111111
11111111111111100000011111111111
11111111111111100000011111111111
11111111111111100000001111111111
11111111111111100000000111111111
