11111111111111110000111111111111
11111111111111100000011111111111
11111111111111100000001111111111
11111111111111000000011111111111
11111111111111100000001111111111
11111111111111110000001111111111
11111111111111100000011111111111
11111111111111100000011111111111
11111111111111100000011111111111
11111111111110000000111111001111
11111111111110000001111110000111
11111111111110000001111100000111
11111111111100000011110000001111
11111111111100000111110000001111
11111111111000000111110000001111
11111111110000011111100000011111
11111111100000011111100000011111
11111111000000011111100000011111
11111110000000111110000000111111
11111100000001111100000000111111
11111000000010000000000000111111
11110000000000000000000001111111
11100000000000000000000011111111
11100000000000000000000011111111
11100000000000000000000111111111
11110000000000100000000111111111
11111100011111100000000111111111
11111111111111100000011111111111
11111111111111100000011111111111
11111111111111100000011111111111
11111111111111000000111111111111
11111111111111100000111111111111
