11111111111111111110111111111111
11111111111111111000011111111111
11111111111111111000001111111111
11111111111111111000001111111111
11111111111111110000011111111111
11111111111111110000011111111111
11111111111111110000011111111111
11111111111111110000011111111111
11111111111111100000111111111111
11111111111111100000111111111111
11111111111110000011110001111111
11111111111100000011110000111111
11111111111100000111110000111111
11111111111100001111100000111111
11111111111000001111100000111111
11111111111000011111100000111111
11111111100000111111100001111111
11111111100000111111100001111111
11111111000000111111000001111111
11111111000001111111000001111111
11111110000011111000000001111111
11111110000011100000000001111111
11111110000000000000000011111111
11111000000000000000000111111111
11111000000000000000011111111111
11111000000000011000011111111111
11111000000001111000011111111111
11111111011111111000011111111111
11111111111111111100011111111111
11111111111111111000011111111111
11111111111111111100011111111111
11111111111111111100011111111111
