11111111111111111110000011011111
11111111111111111100000010001111
11111111111111111000000000000111
11111111111111000000000000000111
11111111111110000000001000000111
11111111111110000000111000000111
11111111111100000001111000000111
11111111110000000111110000001111
11111111100000001111110000001111
11111111000000001111110000001111
11111110000000011111110000001111
11111100000000000000000000011111
11111100000000000000000000011111
11111100000000000000000000001111
11111110000000000000000000001111
11111110000000000000000000011111
11111111100000100011000000111111
11111111111111111111000000111111
11111111111111111110000001111111
11111111111111111110000001111111
11111111111111111110000001111111
11111111111111111110000001111111
11111111111111111100000011111111
11111111111111111100000011111111
11111111111111111100000011111111
11111111111111111100000011111111
11111111111111111000000111111111
11111111111111111000000111111111
11111111111111111000000111111111
11111111111111111000000111111111
11111111111111110000001111111111
11111111111111110000011111111111
