11111111111111111100011111111111
11111111111111110000111111111111
11111111111111100000111111111111
11111111111111100000111111111111
11111111111111100000111111111111
11111111111111000001111111111111
11111111111110000001111111111111
11111111111100000011111111111111
11111111111000000111111111111111
11111111110000001111111111111111
11111111110000001111111111111111
11111111100000011111110001111111
11111111000000111111110001111111
11111111000000111111100000111111
11111110000001111111100000011111
11111100000111111111000001111111
11111100000111111111000001111111
11111100000011111111000001111111
11111000000111111100000011111111
11111000000011110000000011111111
11111100000000000000000011111111
11111100000000000000000011111111
11111100000000000000001111111111
11111100000000000000001111111111
11111111110000000000001111111111
11111111111111110000011111111111
11111111111111110000011111111111
11111111111111110000011111111111
11111111111111100000111111111111
11111111111111100000111111111111
11111111111111110001111111111111
11111111111111111001111111111111
