11111111111111100000111111111111
11111111111111000000011111111111
11111111111111000000111111111111
11111111111111000000011111110111
11111111111111000000111111000011
11111111111111000000111110000001
11111111111110000001111100000011
11111111111100000011111000000111
11111111111100000011111000000111
11111111111000000111110000001111
11111111110000000111110000001111
11111111100000001111100000011111
11111111000000000000000000011111
11111111100000000000000000001111
11111111000000000000000000011111
11111111000000000000000000111111
11111111000000000000000001111111
11111111000000000000000001111111
11111111111111111100000001111111
11111111111111111000000011111111
11111111111111111100000011111111
11111111111111111000000111111111
11111111111111110000001111111111
11111111111111110000001111111111
11111111111111100000011111111111
11111111111111110000001111111111
11111111111111100000011111111111
11111111111111000000111111111111
11111111111111000000111111111111
11111111111111000001111111111111
11111111111111000001111111111111
11111111111110000011111111111111
