11111111111111111110011111111111
11111111111111111110000111111111
11111111111111111000000000111111
11111111111111111000000000011111
11111111111111100000011000011111
11111111111111100000110000011111
11111111111100000011100000111111
11111111111100000111000001111111
11111111111000001111000001111111
11111111110000011111000011111111
11111111000000111111000011111111
11111111000001111111000011111111
11111111000001111111000011111111
11111100000000000000000111111111
11111100000000000000000000111111
11111100000000000000000000111111
11111110000000000000000000111111
11111110000000000000000000111111
11111111111111111100000111111111
11111111111111111100000111111111
11111111111111111000011111111111
11111111111111111000011111111111
11111111111111111000011111111111
11111111111111111000011111111111
11111111111111111000011111111111
11111111111111111000111111111111
11111111111111111000111111111111
11111111111111110000111111111111
11111111111111110000111111111111
11111111111111111000111111111111
11111111111111111000111111111111
11111111111111111101111111111111
