11111111111111110011111111111111
11111111111111000011111111111111
11111111111110000001111111111111
11111111111110000001111111111111
11111111111110000001111111111111
11111111111100000011111111111111
11111111111100000111111111111111
11111111111100000111111111111111
11111111111000000111111111111111
11111111111000001111111111111111
11111111111000001111111111111111
11111111100000011111111111111111
11111111100000111111111111111111
11111111100000111111111111111111
11111111000000111110011111111111
11111110000001111000011111111111
11111110000001111000011111111111
11111110000001110000011111111111
11111100000111100000111111111111
11111100000111100000111111111111
11111000000111100000111111111111
11111000000000000000000001111111
11110000000000000000000001111111
11110000000000000000000001111111
11110000000000000000000001111111
11110000000000000000000011111111
11110000000000000000000111111111
11111000111110000001111111111111
11111111111100000011111111111111
11111111111110000011111111111111
11111111111110000011111111111111
11111111111110000011111111111111
