11111111111111111001111111111111
11111111111111100011111111111111
11111111111111100001111111111111
11111111111111100001111111111111
11111111111111100001111111111111
11111111111111000011111111111111
11111111111110000011111111111111
11111111111110000111111111111111
11111111111100001111111111111111
11111111111000001111111111111111
11111111111000001111111111111111
11111111110000011111111111111111
11111111110000011111111111111111
11111111110000011111111111111111
11111111110000111111111111111111
11111111100001111110111111111111
11111111000001111100011111111111
11111111000001111100001111111111
11111110000011111000011111111111
11111100000011111000001111111111
11111100000011111000001111111111
11111000000011111000000111111111
11110000000001100000000111111111
11110000000000000000000011111111
11110000000000000000000011111111
11110000000000000000000111111111
11110000000000000000000111111111
11111000000000000000000111111111
11111111111111000000011111111111
11111111111111100000011111111111
11111111111111100000011111111111
11111111111111111011111111111111
