11111111111111111000011111111111
11111111111111110000001111111111
11111111111111110000000111111111
11111111111111100000001111111111
11111111111111110000001111111111
11111111111111110000000111111111
11111111111111100000001111111111
11111111111111100000001111111111
11111111111111100000001111111111
11111111111111000000011111111111
11111111111111000000011111111111
11111111111111000000111111111111
11111111111100000001000111111111
11111111111000000000000011111111
11111111110000000000000001111111
11111110000000000000000001111111
11111100000000000100000001111111
11111100000000001100000000111111
11111000000000000000000001111111
11110000000000000000000001111111
11111000000000000000000000111111
11111000000000000000000001111111
11111110000000000000000001111111
11111111111111111100000001111111
11111111111111111000000011111111
11111111111111111000000011111111
11111111111111111000000011111111
11111111111111110000000111111111
11111111111111110000000111111111
11111111111111110000000111111111
11111111111111000000001111111111
11111111111111000000001111111111
