11111111111111111011111111111111
11111111111111110001111111111111
11111111111111110001111111111111
11111111111111100001111111111111
11111111111111000001111111111111
11111111111110000011111111111111
11111111111110000011111011111111
11111111111110000111111001111111
11111111111100001111110000111111
11111111111000011111110000111111
11111111111000011111110000111111
11111111111000011111110000111111
11111111110000011111100000111111
11111111110000111111000001111111
11111111100001111110000011111111
11111111100000111110000011111111
11111110000000010000000011111111
11111110000000000000000000111111
11111110000000000000000000111111
11111000000000000000000001111111
11111000000000000000000001111111
11111000000000000000000001111111
11111000000000000000000001111111
11111000000111111000001111111111
11111111111111111000011111111111
11111111111111110000111111111111
11111111111111110000111111111111
11111111111111110000111111111111
11111111111111110000111111111111
11111111111111110000111111111111
11111111111111110011111111111111
11111111111111110011111111111111
