11111111111111100000111111111111
11111111111110000001111111111111
11111111111100000001111111111111
11111111111110000001111111111111
11111111111110000001111111111111
11111111111000000011111111111111
11111111111000000011111111111111
11111111111000000011111111111111
11111111111000000111111111111111
11111111110000001111111110001111
11111111100000011111110000001111
11111111000000111111100000001111
11111111000000111111100000001111
11111110000000111111100000001111
11111100000011111110000000111111
11111100000011111100000001111111
11111000000011111000000001111111
11111100000011100000000001111111
11111100000000000000000001111111
11111000000000000000000111111111
11111000000000000000000111111111
11111000000000000000000111111111
11111100000000000000001111111111
11111110000011100000011111111111
11111111111111100000011111111111
11111111111111100000011111111111
11111111111111000000111111111111
11111111111111000000111111111111
11111111111110000001111111111111
11111111111100000001111111111111
11111111111100000011111111111111
11111111111110000111111111111111
