11111111111000001111111111111111
11111111111000001111111111111111
11111111111000001111111111111111
11111111110000001111111111111111
11111111110000001111110011111111
11111111110000011111100001111111
11111111000001111110000011111111
11111111000001111110000011111111
11111110000001111100000011111111
11111110000011111100000011111111
11111110000011111100000011111111
11111110000011111100000111111111
11111110000011111100000110011111
11111100000111110000000000011111
11111000000111110000000000011111
11111100000111100000000000011111
11111100000000000000000000111111
11111100000000000000000111111111
11111100000000000000011111111111
11111110000000000000011111111111
11111110000000000000111111111111
11111111000000000001111111111111
11111111111110000001111111111111
11111111111110000001111111111111
11111111111110000011111111111111
11111111111100000011111111111111
11111111111100000011111111111111
11111111111000000111111111111111
11111111111000001111111111111111
11111111111000001111111111111111
11111111111000001111111111111111
11111111111000001111111111111111
