11111111111111111100001111111111
11111111111111110000001111111111
11111111111111110000001111111111
11111111111111100000011111111111
11111111111111100000011111111111
11111111111111000000111111111111
11111111111111100000111111111111
11111111111111100000111111111111
11111111111110000001111111111111
11111111111110000011111111111111
11111111111000000111111111111111
11111111111000000111111111111111
11111111111000000111111110011111
11111111110000001111111000011111
11111111100000001111110000001111
11111111000000011111100000011111
11111111000000111111100000111111
11111111000001111111100000111111
11111110000011111111000001111111
11111100000111111110000001111111
11111000001111111100000011111111
11110000001111111100000011111111
11110000001111111100000011111111
11100000000000000000000111111111
11000000000000000000000011111111
10000000000000000000000111111111
10000000000000000000000111111111
11000000000000000000001111111111
11111010001111110000011111111111
11111111111111110000011111111111
11111111111111110000111111111111
11111111111111110000111111111111
