11111111111111111100001111111111
11111111111111111000000111111111
11111111111111111000000111111111
11111111111111100000001111111111
11111111111111110000001111111111
11111111111111110000001111111111
11111111111111110000011111111111
11111111111111100000001111111111
11111111111111000000111111111111
11111111111110000001111111111111
11111111111110000001111110111111
11111111111100000011111100011111
11111111111100000011111000001111
11111111111100000111111000001111
11111111110000001111110000011111
11111111100000011111100000111111
11111111100000111111100000111111
11111111000000111111000000111111
11111111000001111111000000111111
11111100000011111110000011111111
11111100000111111110000011111111
11111000000111111100000001111111
11111000000000000000000000111111
11110000000000000000000000111111
11110000000000000000000000111111
11100000000000000000000011111111
11110000000000000000000111111111
11111000000000011000000111111111
11111111111111111000000111111111
11111111111111111000000111111111
11111111111111111000001111111111
11111111111111111000001111111111
