11111111111111111100011111111111
11111111111111111000001111111111
11111111111111111000001111111111
11111111111111110000001111111111
11111111111111110000011111111111
11111111111111110000011111111111
11111111111111100000011111111111
11111111111111100000011111111111
11111111111111000000111011111111
11111111111110000001110001111111
11111111111110000001100001111111
11111111111100000001100001111111
11111111111000000110000001111111
11111111110000001111000011111111
11111111110000001110000011111111
11111111100000011110000011111111
11111111100000011110000011111111
11111111000000111110000011111111
11111111000000111110000011111111
11111110000001111110000011111111
11111100000011111110000011111111
11110000001111111100000111111111
11110000000000000000000011111111
11110000000000000000000001111111
11110000000000000000000000111111
11111000000000000000000001111111
11111100000000000000000001111111
11111111000000000000000011111111
11111111111111111000000111111111
11111111111111111000001111111111
11111111111111110000011111111111
11111111111111111000111111111111
