11111111111111100000111111111111
11111111111111100000011111111111
11111111111111000001111111111111
11111111111111000001111111111111
11111111111110000011111111111111
11111111111110000011111111111111
11111111111110000011111111111111
11111111111100000111111111111111
11111111111000000111111111111111
11111111111000000111111111111111
11111111110000011111111110011111
11111111110000011111111100001111
11111111100000111111110000001111
11111111100000111111110000001111
11111111000001111111110000001111
11111110000011111111100000011111
11111110000011111111000000111111
11111100000011111111000000111111
11111000000111111110000001111111
11111000000111111110000001111111
11111000000111111100000001111111
11110000000000000000000001111111
11110000000000000000000001111111
11100000000000000000000111111111
11100000000000000000001111111111
11110000000000000000001111111111
11110000000011100000111111111111
11111111111111100000111111111111
11111111111111100000111111111111
11111111111111000001111111111111
11111111111111000000111111111111
11111111111111000011111111111111
