11111111100000011111111111111111
11111111110000001111111111111111
11111111100000001111111111111111
11111111100000001111111111111111
11111111100000001111111111111111
11111111110000000111111111111111
11111111110000001111111111111111
11111111110000001111111111111111
11111111110000001111111111111111
11111111110000001111111111111111
11111111110000001111111111111111
11111111100000001111111111111111
11111111100000011111111111111111
11111111100000011111100011111111
11111111110000001111100000111111
11111111100000011111100000011111
11111111100000011111100000011111
11111111100000011111100000011111
11111111000000111111100000011111
11111111100000011111110000001111
11111111100000011111110000001111
11111111000000111111110000001111
11111110000000111100000000001111
11111111000000100000000000000111
11111110000000000000000000000111
11111110000000000000000000000111
11111110000000000000000000000111
11111110000000000000001000000111
11111111000000000000111100000011
11111111100000011111111100000011
11111111111111111111111100000011
11111111111111111111111110000111
