11111111111111111000111111111111
11111111111111111000011111111111
11111111111111110000001111111111
11111111111111100000011111111111
11111111111111000000011111111111
11111111111111000000011111111111
11111111111111000000111111111111
11111111111110000001111111111111
11111111111100000001111111111111
11111111111100000001111111111111
11111111111100000011111111111111
11111111110000001111111111111111
11111111100000001111111111111111
11111111100000001111111111111111
11111111100000001111111101111111
11111111000000111111100001111111
11111110000000111111000000111111
11111110000001111100000000011111
11111100000011110000000000111111
11111000000000000000000000111111
11111000000000000000000000111111
11111000000000000000000000111111
11110000000000000000000001111111
11100000000000000000000001111111
11110000000000000000000001111111
11111000000011111000000011111111
11111111111111110000000111111111
11111111111111110000000111111111
11111111111111110000000111111111
11111111111111110000000111111111
11111111111111110000001111111111
11111111111111110000001111111111
