11111111111111100011111111111111
11111111111111000001111111111111
11111111111110000001111111111111
11111111111100000011111011111111
11111111111000000011110001111111
11111111111000000011100000111111
11111111111000000111100000111111
11111111110000001111100000111111
11111111000000011111000001111111
11111111000000111110000001111111
11111110000001111110000001111111
11111110000001111110000001111111
11111110000001111110000001111111
11111110000001111100000001111111
11111100000011111000000011111111
11111000000011111000000111111111
11111100000011110000000111111111
11111100000000000000000000111111
11111110000000000000000000011111
11111100000000000000000000111111
11111110000000000000000001111111
11111111000000000000000011111111
11111111110000000000011111111111
11111111111111000000011111111111
11111111111111000000011111111111
11111111111110000000111111111111
11111111111110000000111111111111
11111111111110000001111111111111
11111111111110000001111111111111
11111111111110000000111111111111
11111111111110000001111111111111
11111111111110000001111111111111
