11111111111111111000001011111111
11111111110000000000000000011111
11111111110000000000000000011111
11111111110000000000000000011111
11111111110000000000000000011111
11111111110000011111111111111111
11111111110000011111111111111111
11111111110000111111111111111111
11111111110000111111111111111111
11111111110001111111111111111111
11111111000011111111111111111111
11111111000011111111111111111111
11111111000011111111111111111111
11111111000111111111111111111111
11111111000000111111111111111111
11111110000000000001111111111111
11111100000000000000111111111111
11111100000000000000011111111111
11111100000000000000001111111111
11111100000011110000000111111111
11111110001111111110000111111111
11111110111111111110000111111111
11111111111111111111000111111111
11111110001111111100001111111111
11111110000111111100001111111111
11111110000011111000001111111111
11111110000001110000011111111111
11111110000000000000011111111111
11111111100000000000111111111111
11111111110000000001111111111111
11111111111000000011111111111111
11111111111100000111111111111111
