11111111111111111111111111011111
11111111111111110000000000001111
11111111111000000000000000001111
11111111000000000000000000001111
11111111100000000000000000001111
11111111100000000000111111111111
11111111000000011111111111111111
11111111000001111111111111111111
11111111100011111111111111111111
11111111100011111111111111111111
11111111000011111111111111111111
11111111000011110011111111111111
11111111000000000000001111111111
11111110000000000000001111111111
11111110000000000000000111111111
11111110000000000000000111111111
11111111000001111100000011111111
11111111101111111111000011111111
11111111111111111111000001111111
11111111111111111111100001111111
11111111111111111111000011111111
11111111111111111111000011111111
11111111111111111111000011111111
11111111111111111111000011111111
11111111111100111110000111111111
11111111111000111110000111111111
11111111111000011100001111111111
11111111110000010000011111111111
11111111110000000000011111111111
11111111111000000000111111111111
11111111111100000001111111111111
11111111111100000011111111111111
