11111111111111111111111111111111
11111111111111100001111111111111
11111111110000000001111111111111
11111111110000000001111111111111
11111111000000000001111111111111
11111111000000000000000111111111
11111111000000000000000011111111
11111110000000011110000111111111
11111110000000111111111111111111
11111110000000111111111111111111
11111111000001111111111111111111
11111110000011111111111111111111
11111100000000001111111111111111
11111100000000001111111111111111
11111110000000000001111111111111
11111110000000000000111111111111
11111110000000000000111111111111
11111110000000000000111111111111
11111110000000000000111111111111
11111111000001000000011111111111
11111111111111111000011111111111
11111111111111111000011111111111
11111111111111111000011111111111
11111111110111111000001111111111
11111111100011110000001111111111
11111111100001100000001111111111
11111111000000000000011111111111
11111111100000000000011111111111
11111111100000000000111111111111
11111111110000000001111111111111
11111111110000000011111111111111
11111111111000001111111111111111
