11111111110000000000011111111111
11111111110000000000001111111111
11111111100000000000001111111111
11111111100000000000000111111111
11111111100000000000000111111111
11111111000000000000000111111111
11111111000000001110000111111111
11111111000000111111111111111111
11111110000001111111111111111111
11111111000000111111111111111111
11111110000001111111111111111111
11111110000001111111111111111111
11111111000000000111111111111111
11111110000000000011111111111111
11111110000000000001111111111111
11111111000000000000111111111111
11111111000000000000011111111111
11111111000000000000011111111111
11111111110000000000001111111111
11111111111001111000001111111111
11111111111111111000001111111111
11111111111111111100000111111111
11111111111111111100000111111111
11111111111111111000000111111111
11111111111101111000000011111111
11111111111000110000000111111111
11111111110000000000000111111111
11111111110000000000000111111111
11111111110000000000001111111111
11111111100000000000011111111111
11111111111000000000011111111111
11111111111000000001111111111111
