11111111111000000000011111111111
11111111100000000000001111111111
11111111000000000000001111111111
11111110000000000000000111111111
11111110000000000000001111111111
11111110000000000000001111111111
11111111011111111111111111111111
11111100011111111111111111111111
11111100001111111111111111111111
11111000001111111111111111111111
11111100000100110001111111111111
11111100000000000000111111111111
11111100000000000000001111111111
11111110000000000000000111111111
11111110000000000000000111111111
11111111000000000000000111111111
11111111111111111110000001111111
11111111111111111111000001111111
11111111111111111111000001111111
11111111111111111111000001111111
11111111111111111111000000111111
11111111111111111111000001111111
11111111111111111111000001111111
11111111111111111111000000111111
11111111111111111110000001111111
11111111111111111100000001111111
11111111110100000000000011111111
11111111000000000000001111111111
11111111000000000000011111111111
11111111000000000000111111111111
11111111000000000011111111111111
11111111100001111111111111111111
