11111111100000111100100001111111
11111111000000000000000000011111
11111111000000000000000000011111
11111111000000000000000000011111
11111111000000000000000000011111
11111111000000000000000000011111
11111111000011111000001111111111
11111111000011111111111111111111
11111111000011111111111111111111
11111110000011111111111111111111
11111100000111111111111111111111
11111100000111111111111111111111
11111100000000000000111111111111
11111100000000000000011111111111
11111100000000000000011111111111
11111100000000000000001111111111
11111100000000000000000111111111
11111110000000000000000111111111
11111110000001111000000111111111
11111111100111111110000111111111
11111111111111111110000011111111
11111111111111111110000011111111
11111111111111111110000011111111
11111111111111111100000111111111
11111111111111111100000111111111
11111111100011111100001111111111
11111111000011111000001111111111
11111111000000000000001111111111
11111111000000000000011111111111
11111111000000000000111111111111
11111111000000000000111111111111
11111111110000000011111111111111
