11111111111000000000111111111111
11111111110000000000011111111111
11111111100000000000011111111111
11111111100000000000000111111111
11111111100000000000000111111111
11111111000000000000001111111111
11111111100000000111101111111111
11111111100000001111111111111111
11111111100000011111111111111111
11111111110000011111111111111111
11111111110000011111111111111111
11111111110000011111111111111111
11111111111000001111111111111111
11111111111000001111111111111111
11111111111000000111111111111111
11111111111100000011111111111111
11111111111100000011111111111111
11111111111100000011111111111111
11111111111111000001111111111111
11111111111111000001111111111111
11111111111111000001111111111111
11111111111111100000111111111111
11111111111111100000111111111111
11111111111111100000111111111111
11111111111111110000011111111111
11111111111111110000011111111111
11111111110111100000011111111111
11111111110000000000001111111111
11111111110000000000011111111111
11111111100000000000111111111111
11111111111000000000111111111111
11111111111000000001111111111111
