11111111111111110011011111111111
11111111111111000000001111111111
11111111111100000000000111111111
11111111100000000000000111111111
11111111000000000000000111111111
11111111000000000000000111111111
11111110000000011110001111111111
11111100000111111111111111111111
11111100001111111111111111111111
11111100001111111111111111111111
11111110000000000001111111111111
11111110000000000000011111111111
11111110000000000000000111111111
11111110000001000000000011111111
11111110000010000000000011111111
11111110000000000000000001111111
11111110000000011100000000111111
11111110000001111110000000111111
11111111111111111111100000111111
11111111111111111111100000111111
11111111111111111111100000111111
11111111111111111111110000111111
11111111111111111111110000111111
11111111111111111111111000011111
11111111111111111111110000011111
11111111111111111111100000011111
11111111111110000000000000111111
11111111111100000000000001111111
11111111111100000000000011111111
11111111111100000000000111111111
11111111111100000000001111111111
11111111111111000011111111111111
