11111111110111000000000011111111
11111111100000000000000001111111
11111111100000000000000000011111
11111111100000000000000000001111
11111111000000000000000000001111
11111111000000000111111000001111
11111111000000011111111100011111
11111111000001111111111111111111
11111111000001111111111111111111
11111111000001101111111111111111
11111100000100000011111111111111
11111100000000000000111111111111
11111100000000000000001111111111
11111100000000000000000111111111
11111000000000000000000111111111
11111000000000000000000111111111
11111100000011111100000111111111
11111100001111111110000011111111
11111110011111111110000011111111
11111111111111111110000011111111
11111111111111111110000011111111
11111111111111111110000011111111
11111111111111111100000011111111
11111111111111111000001111111111
11111111111111111000001111111111
11111111111111111000001111111111
11111111110001110000001111111111
11111111100000100000011111111111
11111111100000000000011111111111
11111111100000000000111111111111
11111111110000000001111111111111
11111111111100000001111111111111
