11111111100100000000000011111111
11111111000000000000000001111111
11111111000000000000000000111111
11111110000000000000000000111111
11111110000000000000000000111111
11111110000000111111111001111111
11111110000001111111111111111111
11111110000011111111111111111111
11111110000011111111111111111111
11111100000011111111111111111111
11111100000001111111111111111111
11111100000000000111111111111111
11111000000000000001111111111111
11111100000000000000111111111111
11111100000000000000111111111111
11111110000000000000011111111111
11111111001110000000011111111111
11111111111111100000001111111111
11111111111111110000001111111111
11111111111111111000001111111111
11111111111111111000000111111111
11111111111111111100000111111111
11111111111111111000000111111111
11111111111111111100000011111111
11111110011111111100000011111111
11111100001111111000000011111111
11111100000111110000000111111111
11111110000111100000000111111111
11111110000000000000001111111111
11111111000000000000011111111111
11111111100000000000111111111111
11111111100000000001111111111111
