11111111111111111001111111111111
11111111111100000000001111111111
11111111110000000000000011111111
11111111000000000000000011111111
11111111000000000000000011111111
11111110000000000000000011111111
11111110000000000101000011111111
11111100000001111111110111111111
11111100000111111111111111111111
11111100001111111111111111111111
11111100001111111111111111111111
11111100001111111111111111111111
11111100001111111111111111111111
11111100000001011111111111111111
11111110000000000001111111111111
11111110000000000000111111111111
11111111000000000000011111111111
11111111000000000000001111111111
11111111111111100000000011111111
11111111111111111000000011111111
11111111111111111110000001111111
11111111111111111111000000111111
11111111111111111111100000111111
11111111111111111111100000111111
11111111111111111111100000111111
11111111111111111111000000111111
11111111110000000000000001111111
11111111110000000000000011111111
11111111110000000000000011111111
11111111110000000000001111111111
11111111111000000001111111111111
11111111111100000111111111111111
