11111111111111111100011111111111
11111111111111000000011111111111
11111111110000000000011111111111
11111111100000000000000111111111
11111100000000000000000111111111
11110000000000000000111111111111
11110000000000000011111111111111
11111000000000011111111111111111
11110000000111111111111111111111
11110000001111111111111111111111
11110000011111111111111111111111
11111000001111111111111111111111
11111000001111111111111111111111
11111100001111111111111111111111
11111100000111111111111111111111
11111110000001111111111111111111
11111111100000111111111111111111
11111111100000011111111111111111
11111111111000000111111111111111
11111111111100000011111111111111
11111111111110000001111111111111
11111111111111000000111111111111
11111111111111111000001111111111
11111111111111111000000111111111
11111111111111111000000111111111
11111111110001111100000111111111
11111111110000010000000011111111
11111111110000000000000001111111
11111111110000000000000011111111
11111111110000000000000011111111
11111111111100000000000111111111
11111111111111111011111111111111
