11111111111111111111111111111111
11111111111100000000000011111111
11111111110000000000000001111111
11111111000000000000000001111111
11111111000000000000000000111111
11111111000000000000000000111111
11111111000000000000000001111111
11111110000011111111111111111111
11111110000111111111111111111111
11111110000111111111111111111111
11111110001111011111111111111111
11111100000000000111111111111111
11111100000000000001111111111111
11111100000000000001111111111111
11111100000000000000111111111111
11111100000000000000111111111111
11111110000111110000111111111111
11111110001111110000111111111111
11111111011111110000111111111111
11111111111111110000011111111111
11111111111111111000011111111111
11111111111111110000111111111111
11111111111111110000111111111111
11111111111111110000111111111111
11111111111111100000111111111111
11111111111111000000111111111111
11111111000000000001111111111111
11111111000000000011111111111111
11111111000000000011111111111111
11111111100000000111111111111111
11111111110001111111111111111111
11111111111111111111111111111111
