11111111110111111111111111111111
11111111100000100011111111111111
11111111100000000000111111111111
11111111100000000000001111111111
11111111000000000000001111111111
11111111000000000000001111111111
11111111000000000000000111111111
11111111000000111100000111111111
11111111000001111111001111111111
11111111000000000000001111111111
11111100000000000000001111111111
11111110000000000000000111111111
11111110000000000000000111111111
11111110000000000000000011111111
11111110000000000000000001111111
11111110000000001100000001111111
11111111111111111111100001111111
11111111111111111111100001111111
11111111111111111111100001111111
11111111111111111111100001111111
11111111111111111111100000111111
11111111111111111111100000111111
11111111111111111111100000111111
11111111111111111111000001111111
11111111111111111100000001111111
11111111111011110000000011111111
11111111100000000000000011111111
11111111100000000000001111111111
11111111100000000000111111111111
11111111100000000000111111111111
11111111100000000111111111111111
11111111111001111111111111111111
