11111111111000000001011111111111
11111111100000000000000111111111
11111111100000000000000011111111
11111111100000000000000011111111
11111111100000000000000011111111
11111111100000011111111111111111
11111111000001111111111111111111
11111111000001111111111111111111
11111111000011111111111111111111
11111111000011111111111111111111
11111111000011111111111111111111
11111111000011111111111111111111
11111111000011111111111111111111
11111110000000000000011111111111
11111100000000000000000111111111
11111100000000000000000011111111
11111100000000000000000001111111
11111100000000000000000001111111
11111100000000111111000000111111
11111110000111111111100000111111
11111100011111111111000001111111
11111111111111111111000001111111
11111111111111111111000001111111
11111111111111111100000001111111
11111111111111111100000001111111
11111111111111000000000011111111
11111111111100000000000011111111
11111111100000000000111111111111
11111111100000000001111111111111
11111111100000000011111111111111
11111111100000000111111111111111
11111111111000111111111111111111
