11111111111100000000000011111111
11111111100000000000000001111111
11111111000000000000000000111111
11111111000000000000000000011111
11111110000000000000000000111111
11111110000000000000111111111111
11111110000000000011111111111111
11111110000001111111111111111111
11111110000011111111111111111111
11111110000011111111111111111111
11111110000011111111111111111111
11111110000011111111111111111111
11111110000001111111111111111111
11111111000000111111111111111111
11111111000000011111111111111111
11111111100000001111111111111111
11111111100000000111111111111111
11111111110000000011111111111111
11111111111000000001111111111111
11111111111110000001111111111111
11111111111111000000111111111111
11111111111111100000111111111111
11111111111111110000111111111111
11111100011111110000011111111111
11111000001111110000011111111111
11111100001111110000011111111111
11111100000111100000111111111111
11111100000000000000111111111111
11111110000000000000111111111111
11111111000000000001111111111111
11111111110000000000111111111111
11111111111000000001111111111111
