11111111111111110000000011111111
11111111111000000000000000011111
11111111100000000000000000011111
11111111000000000000001000111111
11111110000000011111111111111111
11111110000011111111111111111111
11111110000011111111111111111111
11111111000111111111111111111111
11111110000111111111111111111111
11111110000111111111111111111111
11111110000111111111111111111111
11111110000111111111111111111111
11111110000111111111111111111111
11111110000100000000111111111111
11111110000000000000011111111111
11111110000000000000001111111111
11111111000000000000000011111111
11111111100001111110000011111111
11111111111111111111100001111111
11111111111111111111100001111111
11111111111111111111100001111111
11111111111111111111100001111111
11111110011111111111110001111111
11111100011111111111100001111111
11111110001111111111100001111111
11111110001111111111100001111111
11111111000111111111000011111111
11111111000011111111000111111111
11111111100001111110000111111111
11111111100000000000001111111111
11111111100000000000111111111111
11111111110000000001111111111111
