11111111110001100000000011111111
11111110000000000000000001111111
11111110000000000000000000111111
11111100000000000000000001111111
11111100000000000000000011111111
11111110000000000111111111111111
11111110000000111111111111111111
11111110000001111111111111111111
11111110000001111111111111111111
11111110000001111111111111111111
11111110000001111111111111111111
11111110000001111111111111111111
11111110000000000000011111111111
11111110000000000000001111111111
11111100000000000000000011111111
11111100000000000000000011111111
11111100000000000000000001111111
11111100000000111110000001111111
11111111100011111110000001111111
11111111111111111110000001111111
11111111111111111110000001111111
11111111111111111110000001111111
11111111111111111110000001111111
11111111111111111110000001111111
11111111111111111000000011111111
11111111111111110000000111111111
11111111111110000000000111111111
11111111111000000000001111111111
11111110000000000001111111111111
11111110000000000011111111111111
11111110000000011111111111111111
11111110000001111111111111111111
