11111111110111111111011111111111
11111110000000000000000011111111
11111110000000000000000011111111
11111110000000000000000000111111
11111110000000000000000000111111
11111110000000001011110001111111
11111110000011111111111011111111
11111111000011111111111111111111
11111110000011111111111111111111
11111111000011111111111111111111
11111110000111111111111111111111
11111110000111000001111111111111
11111110000000000000011111111111
11111110000000000000001111111111
11111110000000000000000111111111
11111110000000010000000111111111
11111111000111111110000011111111
11111111101111111110000011111111
11111111111111111111000001111111
11111111111111111111100001111111
11111111111111111111100001111111
11111111111111111111100001111111
11111111111111111111100001111111
11111111111111111111100000111111
11111111111111111111100000111111
11111111111111111111000001111111
11111111001111111100000001111111
11111110000000000000000001111111
11111100000000000000000011111111
11111110000000000000000111111111
11111111100000000000000111111111
11111111110000000000111111111111
