11111111111111111001000011111111
11111111110000000000000000111111
11111111110000000000000000011111
11111111100000000000000000011111
11111111000000000000000000111111
11111111000000000000000000111111
11111111000000011111111111111111
11111111000011111111111111111111
11111111000011111111111111111111
11111111000011111111111111111111
11111111000011111110011111111111
11111111000011100000001111111111
11111110000000000000000111111111
11111110000000000000000111111111
11111100000000000000000111111111
11111110000000000000000001111111
11111110000000011110000001111111
11111110000001111110000001111111
11111111101111111111100000111111
11111111111111111111100000111111
11111111111111111111100000111111
11111111111111111111000001111111
11111111111111111111000001111111
11111111111111111111000001111111
11111111111111111111000001111111
11111111111111111100000001111111
11111111111100000000000001111111
11111111110000000000000001111111
11111111110000000000000011111111
11111111110000000000001111111111
11111111110000000000111111111111
11111111111110001111111111111111
