11111111111000000011111111111111
11111111110000000000111111111111
11111111000000000000001111111111
11111111000000000000000111111111
11111111000000000000000011111111
11111111000000000000000011111111
11111111000001111111111111111111
11111111100001111111111111111111
11111111110000111111111111111111
11111111100000111111111111111111
11111111100001111111111111111111
11111111000001101111111111111111
11111111000000000111111111111111
11111111000000000011111111111111
11111111000000000001111111111111
11111111000000000001111111111111
11111111000000000000111111111111
11111111000000010000111111111111
11111111000000110000111111111111
11111111100000111000011111111111
11111111111111111100011111111111
11111111111111111100011111111111
11111111111111111100011111111111
11111111111111111100001111111111
11111111111111111000001111111111
11111111111111111100001111111111
11111111111111111100001111111111
11111111100100100000011111111111
11111111000000000000011111111111
11111111000000000000011111111111
11111111100000000000011111111111
11111111111000000001111111111111
