11111111111111110000000001111111
11111111000110000000000001111111
11111110000000000000000001111111
11111110000000000000000001111111
11111110000000000000000011111111
11111110000000000000000111111111
11111111000000010110011111111111
11111110000001111111111111111111
11111110000011111111111111111111
11111100000000011111111111111111
11111100000000001111111111111111
11111100000000000111111111111111
11111000000000000011111111111111
11111000000000000001111111111111
11111000000000000000111111111111
11111100000000000000111111111111
11111110000111110000011111111111
11111111101111110000011111111111
11111111111111110000011111111111
11111111111111110000011111111111
11111111111111111000001111111111
11111111111111111000001111111111
11111111111111111000001111111111
11111111111111111000001111111111
11111111111111110000001111111111
11111111111111110000011111111111
11111111011111000000011111111111
11111111000111000000011111111111
11111111000000000000011111111111
11111110000000000000111111111111
11111111000000000001111111111111
11111111100000000011111111111111
