11111111110001000000000011111111
11111111100000000000000001111111
11111111000000000000000001111111
11111111000000000000000001111111
11111111000000000000111111111111
11111111000011111111111111111111
11111111000111111111111111111111
11111110000111111111111111111111
11111110000111111111111111111111
11111110000110000111111111111111
11111111000000000011111111111111
11111111000000000000011111111111
11111111000000000000001111111111
11111110000000000000000111111111
11111110000001111000000111111111
11111111000111111100000111111111
11111111111111111111000011111111
11111111111111111111000011111111
11111111111111111111000001111111
11111111111111111111100001111111
11111111111111111111100001111111
11111111111111111111000001111111
11111111111111111111000011111111
11111111111111111111100001111111
11111110000111111111100011111111
11111110000111111110000011111111
11111110000111111110000011111111
11111111000000000000000111111111
11111111000000000000001111111111
11111111000000000000011111111111
11111111100000000001111111111111
11111111110000000111111111111111
