11111111111111101000000001111111
11111111000000000000000000111111
11111111000000000000000000111111
11111100000000000000000000111111
11111100000000011111111101111111
11111111000001111111111111111111
11111111000001111111111111111111
11111111000001111111111111111111
11111111000011111111111111111111
11111111000000000111111111111111
11111111000000000001111111111111
11111110000000000000111111111111
11111110000000000000001111111111
11111110000000111000000111111111
11111111000011111000000011111111
11111111111111111110000011111111
11111111111111111111000001111111
11111111111111111111100001111111
11111111111111111111110000111111
11111111111111111111110000111111
11111111111111111111110000111111
11111111111111111111110000111111
11111111111111111111110000111111
11111110011111111111110000111111
11111110000111111111100001111111
11111100001111111111000001111111
11111100001111111110000011111111
11111110000111111100000011111111
11111110000000000000000111111111
11111111000000000000001111111111
11111110000000000001111111111111
11111111100000000111111111111111
