11111111111111000011111111111111
11111111111110000000111111111111
11111111111000000000111111111111
11111111110000000000011111111111
11111111110000000000011111111111
11111111110000000110011111111111
11111111110000000111111111111111
11111111110000011111111111111111
11111111100000011111111111111111
11111111110000011111111111111111
11111111110000011111111111111111
11111111100000010011111111111111
11111111100000000000011111111111
11111111100000000000001111111111
11111111000000000000000111111111
11111111100000000000000001111111
11111111000000000000000000111111
11111111000000000001100000111111
11111111100000000000110000011111
11111111000000111111111000011111
11111111000001111111111000011111
11111111100000111111111000001111
11111111100001111111110000001111
11111111100001111111110000011111
11111111110000111111110000011111
11111111110000111111110000011111
11111111100000000000000000111111
11111111111000000000000000111111
11111111111000000000000000111111
11111111111110000000000000111111
11111111111110000000000011111111
11111111111111111111111111111111
