11111111111111000001111111111111
11111111111111000000011111111111
11111111111100000000011111111111
11111111100000000000011111111111
11111111100000000000011111111111
11111111100000000000001111111111
11111111000000000000011111111111
11111111000000011100111111111111
11111111000000011110111111111111
11111111000000001111111111111111
11111110000000001111111111111111
11111111000000001111111111111111
11111111000000000111111111111111
11111110000000000111111111111111
11111110000000000111110111111111
11111110000000000011111001111111
11111110000000000011111000111111
11111110000000001100000000111111
11111111000000011111110000011111
11111111000011111111111000011111
11111110000011111111111000011111
11111110000011111111110000011111
11111111000001111111111000001111
11111111000001111111110000011111
11111111100001111111110000011111
11111111100000011111111000011111
11111111100000011111000000111111
11111111110000000000000000111111
11111111111000000000000000011111
11111111111100000000000011111111
11111111111111000000001111111111
11111111111111111011111111111111
