11111111111111000000111111111111
11111111111110000000011111111111
11111111111000000000001111111111
11111111111000000000000111111111
11111111111000000000000111111111
11111111110000000000001111111111
11111111000000000011111111111111
11111111000000000111111111111111
11111111100000011111111111111111
11111111000001111111111111111111
11111111000001111111111111111111
11111111000001111111111111111111
11111111000001111111111111111111
11111100000011110011111111111111
11111110000001110000011111111111
11111110000011000000011111111111
11111110000110000000000111111111
11111110000000000000000111111111
11111110000100000000000011111111
11111111000000000000000001111111
11111110000000001111000000111111
11111111000000011111000000111111
11111110000011011111100000011111
11111110000011111111100000111111
11111111000011111111000001111111
11111111100001111111000000111111
11111111100000011110000000111111
11111111100000000000000011111111
11111111100000000000000011111111
11111111111000000000000111111111
11111111111100000000000111111111
11111111111111100000111111111111
