11111111111111111111111111111111
11111111111111100000011111111111
11111111111111000000001111111111
11111111111000000000001111111111
11111111111100000000000111111111
11111111111000000000001111111111
11111111110000000111011111111111
11111111111000001111111111111111
11111111110000011111111111111111
11111111100000111111111111111111
11111111100001111111111111111111
11111111100000111111111111111111
11111111100000111111111111111111
11111111000001111111111111111111
11111111000001110000011111111111
11111111000000000000000011111111
11111111000000000000000011111111
11111111000000000000000011111111
11111111000000000000000001111111
11111111000000001111000001111111
11111111000000111111000001111111
11111111000001111111000001111111
11111111100001111111100000111111
11111111000001111111000001111111
11111111000001111111000001111111
11111111100001111100000001111111
11111111110000011100000000111111
11111111110000000000000011111111
11111111110000000000000111111111
11111111111100000000000111111111
11111111111100000000001111111111
11111111111111000001111111111111
