11111111111111100111111111111111
11111111111111000001111111111111
11111111111110000000111111111111
11111111111100000000111111111111
11111111111100000000111111111111
11111111111000000001111111111111
11111111111000000011111111111111
11111111111000001111111111111111
11111111110000001111111111111111
11111111110000011111111111111111
11111111110000111111111111111111
11111111110000011111111111111111
11111111100000111111111111111111
11111111110000011111111111111111
11111111100000111111111111111111
11111111110000011110111111111111
11111111100000000000000111111111
11111111100000000000000011111111
11111111100000000000000001111111
11111111100000000000000000111111
11111111100000000000000000001111
11111111100000001111110000001111
11111111110000001111111000000111
11111111110000011111111000001111
11111111111000001111111100001111
11111111110000011111110000001111
11111111110000011111100000001111
11111111111000001111000000011111
11111111111000000000000000111111
11111111111110000000000000111111
11111111111110000000000011111111
11111111111111110000000111111111
