11111111111111000111111111111111
11111111111110000011111111111111
11111111111110000001111111111111
11111111111000000001111111111111
11111111111000000001111111111111
11111111110000000011111111111111
11111111110000001111111111111111
11111111110000001111111111111111
11111111110000011111111111111111
11111111100000111111111111111111
11111111110000011111111111111111
11111111100001111111111111111111
11111111100000110011111111111111
11111111000001111011111111111111
11111111000000000000111111111111
11111111000000000000011111111111
11111111000000000000000111111111
11111111100000000000000011111111
11111111100000000000000011111111
11111111100000000011100001111111
11111111100000011111100001111111
11111111110000011111100001111111
11111111100000011111100001111111
11111111110000001111100000111111
11111111110000011111000001111111
11111111111000011111000001111111
11111111111000011110000001111111
11111111111100001110000011111111
11111111111100000000001111111111
11111111111110000000000111111111
11111111111110000000001111111111
11111111111111100000011111111111
