11111111111111011111111111111111
11111111111110100011111111111111
11111111111100000011111111111111
11111111111000000011111111111111
11111111111010000111111111111111
11111111111000000111111111111111
11111111110000001111111111111111
11111111100000111111111111111111
11111111101000111111111111111111
11111111010000111111111111111111
11111111000001111111111111111111
11111111000001111111111111111111
11111111100001111111111111111111
11111111000111111111111111111111
11111110000111111111111111111111
11111111000011111111111111111111
11111111000111111111111111111111
11111110000111111111111111111111
11111111000111111111111111111111
11111111000111110000000111111111
11111111000111100000000001111111
11111110001110000000000000111111
11111111000110000000000000011111
11111111000100000011110000001111
11111111000000000111111100001111
11111111100000001111111110000111
11111111100000011111111100000111
11111111110000000000000000000111
11111111111000000000000000000111
11111111111100000000000000011111
11111111111100000000000000111111
11111111111111100000111111111111
