11111111111111000011111111111111
11111111111110000000111111111111
11111111111000000000111111111111
11111111111000000000001111111111
11111111110000000000001111111111
11111111111000000000001111111111
11111111100000000000111111111111
11111111000000000111111111111111
11111111100000000111111111111111
11111111100000001111111111111111
11111111100000001111111111111111
11111111000000011111111111111111
11111110000000111111111111111111
11111111000000011111111111111111
11111111000000111111111111111111
11111111000000111111111111111111
11111111000000100111111111111111
11111111000000000001111111111111
11111111000000000000011111111111
11111110000000000000011111111111
11111111000000000000000111111111
11111111000000000000000111111111
11111110000000001100000111111111
11111111100000001110000011111111
11111111000000111110000011111111
11111111100000011110000001111111
11111111110000011100000011111111
11111111110000000000000011111111
11111111111000000000000011111111
11111111111000000000000011111111
11111111111110000000000011111111
11111111111111000000000111111111
