11111111111110000011111111111111
11111111111100000001111111111111
11111111111110000000111111111111
11111111111000000000111111111111
11111111111000000000111111111111
11111111110000000001111111111111
11111111111000000111111111111111
11111111110000001111111111111111
11111111100000011111111111111111
11111111100000111111111111111111
11111111100000111111111111111111
11111111100000111111111111111111
11111111000000110000011111111111
11111111100000100000000111111111
11111111000001000000000011111111
11111111100001100000000001111111
11111111000001100000000000111111
11111110000001000000100000011111
11111111000001100001111000001111
11111111000001000001111100001111
11111111100000100001111110000111
11111111000001100001111110000111
11111111100000111000111110000111
11111111100000111101111110000111
11111111110000111111111100000011
11111111110000111111111000000111
11111111100000111111110000000111
11111111111000001111110000000111
11111111111000000000000000001111
11111111111110000000000000001111
11111111111110000000000000111111
11111111111111100000000001111111
