11111111111111100111111111111111
11111111111111000011111111111111
11111111111000000011111111111111
11111111111100000001111111111111
11111111111000000001111111111111
11111111110000001111111111111111
11111111110000001111111111111111
11111111100000011111111111111111
11111111000001111111111111111111
11111111100000111111111111111111
11111111000001111111111111111111
11111110000011111111111111111111
11111111000001111000000111111111
11111110000011100000000111111111
11111100000010000000000001111111
11111110000010000000000000111111
11111110000000000000110000111111
11111110000100000011110000111111
11111110000010000111111000011111
11111110000111111111111100011111
11111110000111111111111100011111
11111111000011111111111110001111
11111111000111111111111100001111
11111111000111111111111000011111
11111111100011111111111100001111
11111111100001111111110000011111
11111111100001111111100000011111
11111111110000011111000000011111
11111111111000000000000001111111
11111111111000000000000011111111
11111111111110000000000011111111
11111111111111110000111111111111
