11111111111111100000111111111111
11111111111100000000011111111111
11111111111100000000001111111111
11111111111000000000001111111111
11111111111000000000001111111111
11111111111000000000111111111111
11111111110000000011111111111111
11111111110000000111111111111111
11111111100000001111111111111111
11111111100000001111111111111111
11111111100000001111111111111111
11111111000000011111111111111111
11111111000000011111111111111111
11111110000000111111111111111111
11111110000000111111111111111111
11111110000000111111111111111111
11111110000000111111111111111111
11111110000001111111001111111111
11111110000001111110000001111111
11111110000001110000000000111111
11111100000011100000000000011111
11111110000001100000000000000111
11111110000011100000000000000111
11111111000001110000001100000011
11111111000001111000011100000011
11111111000000111111111000000011
11111111100000001111110000000011
11111111110000000000000000000111
11111111110000000000000000000111
11111111111100000000000000000111
11111111111110000000000000111111
11111111111111100000000000111111
