11111111111100111111111111111111
11111111111000111111111111111111
11111111110000011111111111111111
11111111111000001111111111111111
11111111111000011111111111111111
11111111110000011111111111111111
11111111110000111111111111111111
11111111100001111111111111111111
11111111100001111111111111111111
11111111000001111111111111111111
11111111000001111111111111111111
11111111000001111111111111111111
11111111000001111111111111111111
11111111000001111111111111111111
11111110000000110001111111111111
11111110000000000000001111111111
11111110000000000000001111111111
11111110000000000000000011111111
11111100000000000000000000111111
11111100000011111110000000111111
11111100000011111110000000111111
11111110000011111111110000011111
11111110000001111111110000011111
11111110000001111111110000011111
11111111000001111111000000011111
11111111000001111111000000011111
11111111000000011111000000111111
11111111000000000000000001111111
11111111000000000000000111111111
11111111110000000000001111111111
11111111111000000000000111111111
11111111111111000001111111111111
