11111111111111000001111111111111
11111111111100000000001111111111
11111111110000000000000111111111
11111111110000000000000011111111
11111111100000001111110011111111
11111111100000011111111111111111
11111111000001111111111111111111
11111111000001111111111111111111
11111111000001111111111111111111
11111111000011111111111111111111
11111110000011111111111111111111
11111110000111111111111111111111
11111110001111111111111111111111
11111100001111111111111111111111
11111110000111111111111111111111
11111110001111111111111111111111
11111100001111110001111111111111
11111100001111000000111111111111
11111100000000000000000111111111
11111110000000000000000011111111
11111110000000000100000001111111
11111110000000001111100001111111
11111110000000011111110000111111
11111110000000001111110000111111
11111111000000000001110000111111
11111111100000000000110000011111
11111111100000000001100000011111
11111111100000010000000000111111
11111111100000000000000000111111
11111111110000000000000011111111
11111111111100000000000111111111
11111111111111000000111111111111
