11111111111111000111111111111111
11111111111111000001111111111111
11111111111111000000111111111111
11111111111110000000111111111111
11111111111100000001111111111111
11111111111100000001111111111111
11111111111000000011111111111111
11111111111000000011111111111111
11111111111000000011111111111111
11111111110000000111111111111111
11111111100000001111111111111111
11111111100000001111111111111111
11111111100000001111111111111111
11111111100000011111111111111111
11111111000000111111111111111111
11111111000000011111111111111111
11111111000000111111111111111111
11111110000001111111111111111111
11111111000001111111111111111111
11111111000001111111001111111111
11111110000001110000000011111111
11111110000000000000000001111111
11111111000000000000000000111111
11111111000000000000000000011111
11111111000000000111000000001111
11111111110000000111110000000111
11111111111000000011110000000111
11111111111000000000000000000111
11111111111110000000000000000011
11111111111111000000000000000011
11111111111111111000000000001111
11111111111111111110000000011111
