11111111111100111111111111111111
11111111111000011111111111111111
11111111111000001111111111111111
11111111110000011111111111111111
11111111100000111111111111111111
11111111100000111111111111111111
11111111000001111111111111111111
11111111000001111111111111111111
11111110000001111111111111111111
11111110000001111111111111111111
11111110000001111111111111111111
11111110000001111111111111111111
11111110000011111111111111111111
11111100000011111111111111111111
11111100000011111111111111111111
11111100000001111111111111111111
11111100000000000000001111111111
11111100000000000000000111111111
11111100000000000000000011111111
11111100000000000000000001111111
11111100000000000000000001111111
11111110000001110000000001111111
11111110000001111110000000111111
11111110000001111111000001111111
11111110000000111111000001111111
11111111000000011111000001111111
11111111000000011111000000111111
11111111110000000000000001111111
11111111111000000000000011111111
11111111111000000000000111111111
11111111111000000000011111111111
11111111111110000000111111111111
