11111111100011111111111111111111
11111111100001111111111111111111
11111111100000111111111111111111
11111111100001111111111111111111
11111111000001111111111111111111
11111111000001111111111111111111
11111111100001111111111111111111
11111111000001111111111111111111
11111111000001111111111111111111
11111111000001111111111111111111
11111110000011111111111111111111
11111110000111111111111111111111
11111110000111111111111111111111
11111111000011110000001111111111
11111111000011000000000111111111
11111110000000000000000111111111
11111110000000000000000001111111
11111100000000000000000001111111
11111100000000000111111000111111
11111100000000111111111000111111
11111110000000011111111110011111
11111110000000011111111110011111
11111110000000000111111100011111
11111110000000000011111000011111
11111110000000000001000000111111
11111110000000000000000000111111
11111110000011100000000001111111
11111111000000000000000011111111
11111111000000000000000111111111
11111111100000000000111111111111
11111111110000000011111111111111
11111111111000011111111111111111
