11111111110011111111111111111111
11111111100001111111111111111111
11111111100001111111111111111111
11111111100001111111111111111111
11111111000000111111111111111111
11111111000001111111111111111111
11111110000001111111111111111111
11111110000011111111111111111111
11111110000011111111111111111111
11111110000011111111111111111111
11111110000011111111111111111111
11111110000111111111111111111111
11111110000111111111111111111111
11111110000111110000000111111111
11111110000011000000000011111111
11111110000000000000000001111111
11111100000000000000000001111111
11111100000000000000000000111111
11111100000000000000000000111111
11111110000000000001110000011111
11111110000000000011111000011111
11111110000000000111110000011111
11111110000000001111100000011111
11111110000000011111100000111111
11111110000000000000000000111111
11111111000000000000000000111111
11111111000000000000000001111111
11111111000000000000000001111111
11111111100000000000000111111111
11111111100000000000001111111111
11111111111000000000111111111111
11111111111111000111111111111111
