11111111111100011111111111111111
11111111111000011111111111111111
11111111111000001111111111111111
11111111110000000111111111111111
11111111110000001111111111111111
11111111100000011111111111111111
11111111100000111111111111111111
11111111000001111111111111111111
11111111100000111111111111111111
11111111000001111111111111111111
11111111000001111111111111111111
11111111000001111111111111111111
11111110000011111111111111111111
11111110000011111111111111111111
11111111000001110000111111111111
11111110000011100000001111111111
11111110000000000000000011111111
11111110000000000000000011111111
11111110000000000000000011111111
11111110000000000111100000111111
11111110000000001111110000111111
11111110000000011111110000011111
11111110000000011111110000111111
11111110000000111111110000111111
11111110000000111111100000111111
11111111100000011111100000011111
11111111100000000000000000111111
11111111100000000000000001111111
11111111110000000000000011111111
11111111111000000000000111111111
11111111111110000000011111111111
11111111111111101111111111111111
