11111111111000000011111111111111
11111111110000000011111111111111
11111111110000000111111111111111
11111111100000001111111111111111
11111111000000011111111111111111
11111111000000111111111111111111
11111111000000111111111111111111
11111111000000111111111111111111
11111110000001111111111111111111
11111110000001111111111111111111
11111100000011111111111111111111
11111100000011111111111111111111
11111100000011111111111111111111
11111110000011111111111111111111
11111100000011111111111111111111
11111100000011111011111111111111
11111100000011110000001111111111
11111100000111000000000011111111
11111000000110000000000001111111
11111000000100000000000000111111
11111100000100000000000000011111
11111100000000000000100000001111
11111100000000000111111000001111
11111100000000001111111000001111
11111100000000011111111000001111
11111110000000011111110000001111
11111110000000011111110000001111
11111111000000001111000000000111
11111111100000000000000000001111
11111111110000000000000000011111
11111111111000000000000000111111
11111111111100000000000001111111
