11111111111111111100111111111111
11111111111111100000001111111111
11111111111110000000001111111111
11111111111110000000001111111111
11111111110000000000001111111111
11111111100000000001111111111111
11111111100000000011111111111111
11111111100000001111111111111111
11111111100000001111111111111111
11111110000000011111111111111111
11111110000000111111111111111111
11111100000001111111111111111111
11111100000111111111111111111111
11111000000111111111111111111111
11111100000111111111111111111111
11111100000111111000011111111111
11111100000111110000011111111111
11111100000111100000000111111111
11111100000111100000000011111111
11111110000011110000000000111111
11111110000011111100000000111111
11111110000011111111100000111111
11111110000001111111100000011111
11111111000001111111100000111111
11111111000000111111000000111111
11111111100000011111100000011111
11111111110000000110000000011111
11111111110000000000000000111111
11111111111110000000000001111111
11111111111110000000000111111111
11111111111111000000000011111111
11111111111111110000001111111111
