11111111111111000011111111111111
11111111111110000000111111111111
11111111111100000000011111111111
11111111111100000000011111111111
11111111111000000000011111111111
11111111111000000000011111111111
11111111110000000001111111111111
11111111100000000111111111111111
11111111100000000111111111111111
11111111000000001111111111111111
11111111000000011111111111111111
11111111100000011111111111111111
11111111100000011111111111111111
11111111000000011111111111111111
11111111000000111111111111111111
11111111000000011111111111111111
11111110000000000110000111111111
11111110000000000000000111111111
11111110000000000000000000111111
11111110000000000000000000111111
11111110000000000000000000011111
11111110000000000000000000011111
11111111000000000001111000001111
11111111000000000011111000001111
11111111000010111111111000001111
11111111110000001111100000000111
11111111110000000000000000001111
11111111111000000000000000001111
11111111111000000000000000001111
11111111111100000000000000011111
11111111111111000000000000011111
11111111111111100000000011111111
