11111111110000011111111111111111
11111111100000001111111111111111
11111111000000000111111111111111
11111111000000000001111111111111
11111110000000000001111111111111
11111100000000000001111111111111
11111100000011110001111111111111
11111000000111111011111111111111
11111100000111111111111111111111
11111000000111111111111111111111
11111000000111111111111111111111
11111000000111111111111111111111
11111000001111111111111111111111
11111000011111111111111111111111
11111000001111111111111111111111
11111000001111110000011111111111
11111000001111100000001111111111
11111000001110000000000011111111
11111000001100000000000001111111
11111100000010000000000000111111
11111110000000000000000000011111
11111110000000000011110000011111
11111110000000001111111000001111
11111110000000001111111100001111
11111110000000011111111100001111
11111111000000011111111110000111
11111111000000001111111110000111
11111111000000000111111000000111
11111111000000000000010000001111
11111111000000000000000000001111
11111111110000000000000000001111
11111111111111100000000000011111
