11111111111100011111111111111111
11111111110000001111111111111111
11111111100000000111111111111111
11111111110000000011111111111111
11111111100000011111111111111111
11111111000001111111111111111111
11111111000001111111111111111111
11111111000001111111111111111111
11111110000011111111111111111111
11111110000111111111111111111111
11111100000111111111111111111111
11111100000111111111111111111111
11111110000011111111111111111111
11111100000111111111111111111111
11111100000111111111111111111111
11111100000111111111111111111111
11111100000111111110111111111111
11111100000111110000000111111111
11111100001110000000000011111111
11111100000100000000000000111111
11111100000000000000000000111111
11111110000000000111111100011111
11111111000000001111111100011111
11111111000000011111111100011111
11111111000001111111111000011111
11111111000001111111111000011111
11111111000001111111110000011111
11111111000000011111100000111111
11111111000000000000000001111111
11111111100000000000000111111111
11111111111000000000000111111111
11111111111111110001111111111111
