11111111111000011111111111111111
11111111110000001111111111111111
11111111100000000111111111111111
11111111100000000111111111111111
11111111000000000111111111111111
11111110000000001111111111111111
11111110000001111111111111111111
11111110000001111111111111111111
11111110000011111111111111111111
11111100000011111111111111111111
11111100000111111111111111111111
11111100000111111111111111111111
11111100000111111111111111111111
11111100000111111111111111111111
11111100000111100000000011111111
11111000001111000000000001111111
11111000001111000000000001111111
11111000001110000000000000111111
11111100000100000000000000111111
11111100000000000101100000011111
11111100000000001111110000011111
11111100000000001111110000011111
11111100000000011111111000011111
11111110000000011111110000011111
11111110000000111111110000011111
11111110000000111111100000011111
11111110000000111111000000111111
11111111000000000000000000111111
11111111100000000000000001111111
11111111100000000000000011111111
11111111110000000000000111111111
11111111110000000000001111111111
