11111111111111000111111111111111
11111111111110000111111111111111
11111111111100000111111111111111
11111111111100000011111111111111
11111111111000000011111111111111
11111111110000000111111111111111
11111111110000001111111111111111
11111111100000011111111111111111
11111111110000011111111111111111
11111111100000111111111111111111
11111111100000111111111111111111
11111111000001111111111111111111
11111111000001111111111111111111
11111110000000000000111111111111
11111110000000000000001111111111
11111110000000000000000111111111
11111110000000000000000011111111
11111110000000000000000001111111
11111100000000000000000001111111
11111110000011111111100000011111
11111110000111111111110000011111
11111110000111111111110000011111
11111110000111111111110000011111
11111110000111111111110000011111
11111110000011111111110000011111
11111111100000011111110000001111
11111111100000011110000000001111
11111111100000000000000000011111
11111111110000000000000000111111
11111111111100000000000011111111
11111111111110000000000011111111
11111111111111111100111111111111
