11111111111100011111111111111111
11111111111000011111111111111111
11111111110000011111111111111111
11111111111000001111111111111111
11111111110000001111111111111111
11111111100000111111111111111111
11111111100000111111111111111111
11111111100001111111111111111111
11111111000011111111111111111111
11111110000011111111111111111111
11111110000011111111111111111111
11111110000011111111111111111111
11111110000011100011111111111111
11111110000000000000011111111111
11111110000000000000001111111111
11111110000000000000000111111111
11111100000000000000000011111111
11111100000000011100000001111111
11111100000000111110000001111111
11111100000001111111000001111111
11111100000111111111100001111111
11111110000011111111110000011111
11111110000011111111110000011111
11111111000011111111111000011111
11111111000001111111111000011111
11111111000001111111110000011111
11111111000000111111110000011111
11111111100000000111000000011111
11111111110000000000000001111111
11111111110000000000000001111111
11111111111100000000000001111111
11111111111111100000001111111111
