11111111111111101111111111111111
11111111111111000111111111111111
11111111111000000111111111111111
11111111111100000011111111111111
11111111111100000111111111111111
11111111111000001111111111111111
11111111110000011111111111111111
11111111110000011111111111111111
11111111110000011111111111111111
11111111100000111111111111111111
11111111100001111111111111111111
11111111000001111111111111111111
11111111000011111111111111111111
11111110000011111111111111111111
11111111000011111111111111111111
11111111000111110000011111111111
11111110000110000000000111111111
11111110000000000000000111111111
11111110000000000000000011111111
11111110000010000000000001111111
11111111000010000111100000111111
11111110000110011111110000011111
11111110000111111111111000011111
11111111000011111111111100011111
11111110000011111111111100011111
11111111000001111111111110001111
11111111100000111111111100001111
11111111110000001111111000001111
11111111110000000000000000001111
11111111111000000000000000011111
11111111111111000000000000011111
11111111111111111000000011111111
