11111111111111100111111111111111
11111111111111000001111111111111
11111111111111000001111111111111
11111111111110000000111111111111
11111111111100000000111111111111
11111111111100000001111111111111
11111111111000000011111111111111
11111111110000000001111111111111
11111111100000001111111111111111
11111111100000000111111111111111
11111111100000011111111111111111
11111111110000001111111111111111
11111111000000111111111111111111
11111111100000111111111111111111
11111110000000000111111111111111
11111111000000000000111111111111
11111110000000000000011111111111
11111110000000000000000111111111
11111111000000000000000011111111
11111111000000000111000001111111
11111111000000000111110000111111
11111111000000111111110000011111
11111111100000111111111100001111
11111111100001111111111100001111
11111111110000011111111110000111
11111111110000011111111110000111
11111111111000000111111111000011
11111111111100000011111110000011
11111111111110000000000000000001
11111111111111000000000000000011
11111111111111110000000000000011
11111111111111111000000000001111
