11111111111111011111111111111111
11111111111111100011111111111111
11111111111110000011111111111111
11111111111100000001111111111111
11111111111000000011111111111111
11111111111100000001111111111111
11111111111000000011111111111111
11111111111000000111111111111111
11111111111000000111111111111111
11111111110000000111111111111111
11111111100000011111111111111111
11111111110000011111111111111111
11111111100000011111111111111111
11111111100000011111111111111111
11111111000000111111111111111111
11111111100000111111111111111111
11111111000000000000000111111111
11111111000000000000000001111111
11111111100000000000000000111111
11111111000000000000000000111111
11111111000000000000000000011111
11111111000000000000000000011111
11111111100000000001110000011111
11111111000000001111111000011111
11111111100000011111110000011111
11111111110000000111111000001111
11111111110000000111110000001111
11111111111000000000000000001111
11111111111100000000000000001111
11111111111110000000000000111111
11111111111111100000000000111111
11111111111111111100000011111111
