11111111111001111111111111111111
11111111111000001111111111111111
11111111110000001111111111111111
11111111110000011111111111111111
11111111100000111111111111111111
11111111100000011111111111111111
11111111100000111111111111111111
11111111100000111111111111111111
11111111100001111111111111111111
11111111000001111111111111111111
11111111000001111111111111111111
11111111000011111111111111111111
11111111000011111111111111111111
11111110000011111111111111111111
11111111000001111111111111111111
11111111000011111111111111111111
11111110000010000011111111111111
11111110000000000011111111111111
11111110000000000011111111111111
11111111000000000000000000111111
11111110000000001111100000011111
11111111000000111111110000011111
11111110000001111111111000111111
11111111000000111111111100001111
11111111000000011111111000001111
11111111100000111111111000001111
11111111100000111111111000001111
11111111100000011111100000011111
11111111110000000000000000001111
11111111110000000000000000111111
11111111110000000000000001111111
11111111111100000000000111111111
