11111111111110011111111111111111
11111111111100001111111111111111
11111111111000000111111111111111
11111111110000000011111111111111
11111111110000001111111111111111
11111111100000011111111111111111
11111111100000011111111111111111
11111111000001111111111111111111
11111111100000111111111111111111
11111111000000111111111111111111
11111111000011111111111111111111
11111111000011111111111111111111
11111110000011111111111111111111
11111110000011001111111111111111
11111110000000000011111111111111
11111110000000000000111111111111
11111110000000000000011111111111
11111110000000000000000111111111
11111110000000000000000111111111
11111111000000011110000001111111
11111110000001111111100000111111
11111111000001111111110000111111
11111111000001111111110000111111
11111110000001111111110000011111
11111111000001111111110000011111
11111111100000011111111000001111
11111111100000011111111000001111
11111111100000001111110000001111
11111111100000000111000000011111
11111111111000000000000000111111
11111111111100000000000000111111
11111111111111000000000011111111
