11111111111000000001011111111111
11111111110000000000001111111111
11111111110000000000000011111111
11111111100000000000000011111111
11111111110000000000000001111111
11111111110000110000000001111111
11111111111001111110000001111111
11111111111111111100000011111111
11111111111111111100000011111111
11111111111111111100000011111111
11111111111111111100000111111111
11111111111111111000001111111111
11111111111100011000011111111111
11111111110000000000011111111111
11111111110000000000011111111111
11111111100000000000001111111111
11111111100000000000001111111111
11111111100000000000000000111111
11111111110000000000000001111111
11111111111111000000000001111111
11111111111111000000000001111111
11111111111111000001111111111111
11111111111110000111111111111111
11111111111110000111111111111111
11111111111100000111111111111111
11111111111100001111111111111111
11111111110000011111111111111111
11111111110000011111111111111111
11111111110000011111111111111111
11111111110000011111111111111111
11111111100001111111111111111111
11111111100011111111111111111111
