11111111111110000000000001111111
11111111111000000000000000111111
11111111110000000000000000011111
11111111000000000000000000111111
11111110000000000000000000011111
11111110000000001011100000011111
11111110000000011111100000011111
11111110000001111111100000001111
11111110000111111111000000011111
11111111001111111111000000011111
11111111111111111111000000111111
11111111111111111111000000111111
11111111111111111110000000111111
11111111111111111110000000111111
11111111111111111100000011111111
11111111111111100000000000111111
11111111111110000000000000011111
11111111110000000000000000011111
11111111100000000000000000011111
11111111000000000000000000111111
11111110000000000000000001111111
11111110000000000000111111111111
11111111000001000000111111111111
11111111111110000001111111111111
11111111111110000001111111111111
11111111111100000111111111111111
11111111111100000111111111111111
11111111111000000111111111111111
11111111110000001111111111111111
11111111110000001111111111111111
11111111100000111111111111111111
11111111100001111111111111111111
