11111111110000000000011111111111
11111111100000000000001111111111
11111111100000000000000111111111
11111110000000000000001111111111
11111110000000000000000111111111
11111111000001111000000111111111
11111111111111111110000111111111
11111111111111111110000111111111
11111111111111111100001111111111
11111111111111111000001111111111
11111111111111111000001111111111
11111111111111111000001111111111
11111111111100111000001111111111
11111111111000001000011111111111
11111111110000000000000100111111
11111111110000000000000000011111
11111111110000000000000000011111
11111111111000000000000000111111
11111111111100000000000011111111
11111111111110000011111111111111
11111111111100000111111111111111
11111111111100000111111111111111
11111111111000000111111111111111
11111111111000001111111111111111
11111111111000011111111111111111
11111111100000111111111111111111
11111111100000111111111111111111
11111111100000111111111111111111
11111111100001111111111111111111
11111111100001111111111111111111
11111111000011111111111111111111
11111111000111111111111111111111
