11111111111111110011111111111111
11111111111111000001111111111111
11111111111100000000011111111111
11111111100000000000111111111111
11111111000000000000111111111111
11111111000000000000011111111111
11111110000001100000011111111111
11111110000111110000011111111111
11111110000111100000011111111111
11111110011111110000011111111111
11111111111111110000011111111111
11111111111111110000011111111111
11111111111111000000111111111111
11111111111111000000111111111111
11111111111111100000111111111111
11111111111111000000111111111111
11111111111111000000111111111111
11111111111100000000000011111111
11111111100000000000000001111111
11111111000000000000000000111111
11111111000000000000000000111111
11111110000000000000000011111111
11111110000000000001110111111111
11111111011110000011111111111111
11111111111110000011111111111111
11111111111110000011111111111111
11111111111110000011111111111111
11111111111100000011111111111111
11111111111100000011111111111111
11111111111100000111111111111111
11111111111000001111111111111111
11111111111100011111111111111111
