11111111111111111111111111111111
11111111111111111100000111111111
11111111111111110000000111111111
11111111111110000000000011111111
11111100011000000000000001111111
11111100000000000000000001111111
11111100000000000000000001111111
11111100000000000011100001111111
11111111100001111111100001111111
11111111111111111111000001111111
11111111111111111111000001111111
11111111111111111110000001111111
11111111111111111100000000111111
11111111111111100000000000111111
11111111111111000000000001111111
11111111111100000000000001111111
11111111110000000000000111111111
11111111110000000000000111111111
11111111110000000000001111111111
11111111100000001000001111111111
11111111110000111000011111111111
11111111111111111000011111111111
11111111111111110000011111111111
11111111111111110000011111111111
11111111111111100001111111111111
11111111111111100001111111111111
11111111111111000001111111111111
11111111111110000011111111111111
11111111111110000111111111111111
11111111111111000011111111111111
11111111111111000111111111111111
11111111111111001111111111111111
