11111111111100000000000011111111
11111111111000000000000000111111
11111111110000000000000000111111
11111111110000000000000000111111
11111111100000000000000001111111
11111111110000000000000001111111
11111111111100111110000001111111
11111111111111111100000011111111
11111111111111111100000011111111
11111111111111111100000011111111
11111111111111111000000111111111
11111111111111111000000111111111
11111111111111110000001111111111
11111111111111110000001111111111
11111111111111110000001111111111
11111111111000000000000011111111
11111111110000000000000001111111
11111111110000000000000000111111
11111111100000000000000001111111
11111111100000000000000000111111
11111111100000000000000000111111
11111111100000000000000001111111
11111111111111000001000011111111
11111111111100000011111111111111
11111111111100000011111111111111
11111111111100000011111111111111
11111111111000000111111111111111
11111111111000000111111111111111
11111111111000000111111111111111
11111111110000001111111111111111
11111111110000001111111111111111
11111111110000111111111111111111
