11111111111110111111111111111111
11111111111000000111111111111111
11111111111000000011111100111111
11111111110000000000000000111111
11111111100000000000000000111111
11111111100000000000000000111111
11111111100001000000000000111111
11111111100001111110000011111111
11111111100011111111000011111111
11111111100011111110000011111111
11111111100011111100000111111111
11111111100111111000001111111111
11111111101111111000011111111111
11111111111111111000011111111111
11111111111111111000011111111111
11111111100000000000001111111111
11111111000000000000000001111111
11111111000000000000000001111111
11111111000000000000000001111111
11111111000000000000000001111111
11111111111110000000000001111111
11111111111111000000000011111111
11111111111110000111001111111111
11111111111100000111111111111111
11111111111100000111111111111111
11111111111100000111111111111111
11111111111000011111111111111111
11111111111000011111111111111111
11111111111000011111111111111111
11111111111000011111111111111111
11111111110000111111111111111111
11111111110000111111111111111111
