11111111111110101111111111111111
11111111111000000000010000011111
11111111111000000000000000001111
11111111111000000000000000001111
11111111111000000000000000001111
11111111110000111000000000011111
11111111110000111111110000111111
11111111110000111111100000111111
11111111100001111111000011111111
11111111000001111110000011111111
11111111000001111110000011111111
11111111000011111100001111111111
11111111000011111100001111111111
11111111111111111100001111111111
11111111111111111100001111111111
11111111111111110000011111111111
11111111110000100000000011111111
11111111100000000000000001111111
11111111100000000000000001111111
11111111100000000000000001111111
11111111100000000000000011111111
11111111111111100001111111111111
11111111111111000011111111111111
11111111111110000011111111111111
11111111111111000011111111111111
11111111111100000111111111111111
11111111111100000111111111111111
11111111111100000111111111111111
11111111111000001111111111111111
11111111111000001111111111111111
11111111111000001111111111111111
11111111111100001111111111111111
