11111111100000000000000001111111
11111111000000000000000001111111
11111110000000000000000001111111
11111100000000000000000001111111
11111110000000000000000011111111
11111111000000000100000011111111
11111111110011111100000011111111
11111111111111111000000011111111
11111111111111111000000111111111
11111111111111111000000111111111
11111111111111110000001111111111
11111111111111110000001111111111
11111111000011100000110001111111
11111110000000000000000000111111
11111100000000000000000000011111
11111100000000000000000000011111
11111100000000000000000000111111
11111110000000000000000111111111
11111111000000000000011111111111
11111111111100000111111111111111
11111111111000000111111111111111
11111111110000001111111111111111
11111111100000011111111111111111
11111111100000011111111111111111
11111111000000111111111111111111
11111111000000111111111111111111
11111110000000111111111111111111
11111110000001111111111111111111
11111110000001111111111111111111
11111110000011111111111111111111
11111100000111111111111111111111
11111110001111111111111111111111
