11111111111111111100111111111111
11111111111000011000011111111111
11111111100000000000001111111111
11111111100000000000000011111111
11111111100000000000000011111111
11111111000000000000000011111111
11111111000000000001000001111111
11111110000010000011100001111111
11111110000011000111100001111111
11111110000011000111100001111111
11111110000011111110000001111111
11111110000011111100000001111111
11111111100000000000000001111111
11111111100000000000000001111111
11111111110000000000000111111111
11111111110000000000001111111111
11111111111110000000111111111111
11111111111000000000111111111111
11111111110000000000011111111111
11111111000000000000001111111111
11111111000000000000000111111111
11111111000000011100000011111111
11111111000000111110000011111111
11111110000011111110000011111111
11111110000111111110000011111111
11111110000011111110000011111111
11111110000000111000000011111111
11111111000000000000000011111111
11111111100000000000000111111111
11111111100000000000001111111111
11111111111100000000011111111111
11111111111100000001111111111111
