11111111111111111101111111111111
11111111111111100000001111111111
11111111101101100000001111111111
11111111000000000000000111111111
11111110000000000000000011111111
11111100000000000011000011111111
11111100000000000110000011111111
11111100000000000110000111111111
11111100000110001110000111111111
11111110000011111110000111111111
11111110000011111100000111111111
11111110000000111100001111111111
11111110000000011000011111111111
11111111000000000000011111111111
11111111111000000000001111111111
11111111111100000000111111111111
11111111111100000000111111111111
11111111111000000000111111111111
11111111110000000000011111111111
11111111110000000000001111111111
11111111100000010000001111111111
11111111100000111000001111111111
11111111000001111000001111111111
11111111000001111000001111111111
11111111100000111000000111111111
11111111000000111100000111111111
11111111000000010000000111111111
11111111000000000000001111111111
11111111100000000000001111111111
11111111111000000000011111111111
11111111111000000000011111111111
11111111111111111111111111111111
