11111111111001101111111111111111
11111111100000000011111111111111
11111111000000000011111111111111
11111111000000000000000111111111
11111111000000000000000011111111
11111110000000000000000001111111
11111110000010000000000001111111
11111110000000000000000001111111
11111111000000000000000001111111
11111111000000000100000011111111
11111111100000111000000111111111
11111111100000110000001111111111
11111111110000000000001111111111
11111111110000000000011111111111
11111111110000000000111111111111
11111111111000000000111111111111
11111111110000000000111111111111
11111111110000000000111111111111
11111111000000000000011111111111
11111111000000000000011111111111
11111110000000110000001111111111
11111111000000111000000011111111
11111111000011111110000011111111
11111111000111111110000011111111
11111110000111111110000001111111
11111110000011111110000011111111
11111111000011111110000011111111
11111110000000001100000011111111
11111110000000000000000111111111
11111111000000000000000111111111
11111111110000000000000011111111
11111111110000000000001111111111
