11111111111110011111111111111111
11111111111000000111111111111111
11111111100000000001111111111111
11111111100000000001111111111111
11111111100000000000111111111111
11111111000000000000111111111111
11111111000000000000011111111111
11111111000000110000001111111111
11111111000000110000001111111111
11111111000000110000001111111111
11111111000000000000011111111111
11111111100000000000011111111111
11111111100000000000011111111111
11111111111000000000011111111111
11111111111000000000011111111111
11111111111000000000011111111111
11111111111000000000001111111111
11111111111000000000001111111111
11111111100000000000000111111111
11111111100000000000000011111111
11111111100000001100000000111111
11111111000000001110000000111111
11111111000000111111000000111111
11111111000000111111000000111111
11111111000000111111000000011111
11111110000000111111000000111111
11111110000001000000000000111111
11111111100000000000000000011111
11111111100000000000000000011111
11111111100000000000000000011111
11111111110000000000000111111111
11111111111000000000011111111111
