11111111111111100011111111111111
11111111111111000000111111111111
11111111100000000000011111111111
11111111100000000000001111111111
11111111000000000000000011111111
11111111000000000000000011111111
11111110000000111100000011111111
11111110000000111110000011111111
11111110000000011110000011111111
11111110000000011110000011111111
11111110000001111100000011111111
11111110000000111000000111111111
11111111000000010000000011111111
11111111000000000000000111111111
11111111000000000000000111111111
11111111110000000000001111111111
11111111110000000000111111111111
11111111110000000000111111111111
11111111110000000000011111111111
11111111000000000000001111111111
11111111000000000000000111111111
11111111000001111000000011111111
11111111000001111100000001111111
11111110000011111100000011111111
11111110000011111100000011111111
11111110000011111110000001111111
11111110000011111110000001111111
11111111000000011000000001111111
11111111100000000000000001111111
11111111100000000000000011111111
11111111111000000000000011111111
11111111111111000000111111111111
