11111111111111110000111111111111
11111111100000000000000111111111
11111111000000000000000111111111
11111111000000000000000001111111
11111110000000000000000001111111
11111110000000000111000001111111
11111110000000000111100001111111
11111100000010000111000001111111
11111100000011111110000001111111
11111100000011111100000011111111
11111110000000111100000011111111
11111111000000001000000111111111
11111111100000000000000111111111
11111111100000000000000111111111
11111111111000000000001111111111
11111111111100000000001111111111
11111111111000000000011111111111
11111111111000000000001111111111
11111111110000000000001111111111
11111111110000000000001111111111
11111111100000010000001111111111
11111111100000011100000111111111
11111111000000111100000111111111
11111111000000111100000011111111
11111110000001111100000011111111
11111110000011111100000011111111
11111110000000000000000111111111
11111110000000000000000111111111
11111110000000000000000111111111
11111111000000000000001111111111
11111111110000000000111111111111
11111111111000000001111111111111
