11111111111011111111111111111111
11111111110000111111111111111111
11111111110000011111111111111111
11111111111000000000011111111111
11111111111000000000011111111111
11111111110000000000101111111111
11111111110000000000000111111111
11111111111000000000000001111111
11111111111000001110000001111111
11111111111000001111000000111111
11111111111000001111100000111111
11111111111000001111110000111111
11111111111100001111110000111111
11111111111100000111100000111111
11111111111110000111100000111111
11111111111110000010000000111111
11111111111110000000000011111111
11111111100000000000000111111111
11111111001000000000001111111111
11111110000000000000011111111111
11111110000000000000111111111111
11111100000000000000111111111111
11111100000001110000111111111111
11111110000111110000011111111111
11111100001111111000011111111111
11111100000111111000011111111111
11111100000000000000011111111111
11111110000000000000011111111111
11111111000000000000011111111111
11111111110000000000111111111111
11111111111111000000111111111111
11111111111111111101111111111111
