11111111111111111111111111111111
11111111111100000111111111111111
11111111111000000011111111111111
11111111110000000001111111111111
11111111000000000000111111111111
11111111000000000000001111111111
11111111000000000000000111111111
11111111000000000000000111111111
11111111000000001000000111111111
11111111000000011100000011111111
11111111000000011110000011111111
11111111110000001110000011111111
11111111110000001000000111111111
11111111110000000000001111111111
11111111111000000000001111111111
11111111111100000000011111111111
11111111111110000000111111111111
11111111111110000000111111111111
11111111111110000000111111111111
11111111111100000000111111111111
11111111110000000000011111111111
11111111000000010000001111111111
11111110000000111000001111111111
11111110000001111100001111111111
11111110000001111100000111111111
11111110000001111100000011111111
11111110000000111100000011111111
11111111100000011000000011111111
11111111110000000000000111111111
11111111110000000000001111111111
11111111111000000001111111111111
11111111111111111111111111111111
