11111111111111011111111111111111
11111111111111000111111111111111
11111111111110000000111111111111
11111111111110000000011111111111
11111111100000000000000111111111
11111111100000001000100111111111
11111111110000000110000011111111
11111111110000000111100001111111
11111111110000001111100001111111
11111111111000001111100001111111
11111111111000011111100001111111
11111111111000100111100001111111
11111111111100000010000011111111
11111111111111000000000001111111
11111111111110000000000001111111
11111111111111000000000011111111
11111111111111000000000111111111
11111111111111000000001111111111
11111111111000000000001111111111
11111111110000000000001111111111
11111111110000000100000001111111
11111111100000011110000000111111
11111111100000011111000000111111
11111110000011111111000000111111
11111110000011111111100000111111
11111110000011111111100000011111
11111111000001111111100000011111
11111111100000001111110000001111
11111111111000000000000000011111
11111111111110000000000000111111
11111111111110000000000001111111
11111111111111111110011111111111
