11111111100000111111111111111111
11111111100000010111111111111111
11111111000000000000111111111111
11111110000000000000001111111111
11111110000000000000000111111111
11111110000000000000000111111111
11111111000000000000000001111111
11111111000000000000000001111111
11111111000000001111000001111111
11111111000000111111000001111111
11111111100000111110000001111111
11111111100000111100000011111111
11111111110000011000000011111111
11111111111000001000000011111111
11111111111000000000000111111111
11111111111000000000001111111111
11111111111100000000001111111111
11111111111110000000011111111111
11111111111100000000111111111111
11111111111000000001111111111111
11111111111000000000111111111111
11111111110000000000111111111111
11111111110000000000011111111111
11111111100000000000011111111111
11111111000000110000001111111111
11111111000000100000001111111111
11111111000000000000001111111111
11111111000000000000001111111111
11111111000000000000011111111111
11111111000000000000011111111111
11111111100000000111111111111111
11111111111011111111111111111111
