11111111111111100000111111111111
11111111111000000000001111111111
11111111100000000000000111111111
11111111100000000000000111111111
11111111000000000000000011111111
11111111000000000000000011111111
11111111000000011110000001111111
11111111000000011110000001111111
11111111100000011111000001111111
11111111100000011110000011111111
11111111110000001110000011111111
11111111111000000110000011111111
11111111111000000000000011111111
11111111111100000000000011111111
11111111111100000000000011111111
11111111111100000000001111111111
11111111111100000000011111111111
11111111110000000000111111111111
11111111100000000000011111111111
11111111100000000000011111111111
11111111000000000000000111111111
11111111000000000000000011111111
11111110000000010000000011111111
11111110000000111100000001111111
11111110000001111110000001111111
11111110000001111111000001111111
11111110000001111111000001111111
11111110000000000000000000011111
11111111000000000000000001111111
11111111100000000000000001111111
11111111100000000000000011111111
11111111111110000000000111111111
