11111111111110000000011111111111
11111111110000000000001111111111
11111111100000000000000111111111
11111111000000000000000011111111
11111111000000000000000001111111
11111111000000000000000001111111
11111111000000000000000001111111
11111111000000000000000001111111
11111111000000011000000001111111
11111111000001111000000011111111
11111111100000010000000001111111
11111111100000000000000011111111
11111111100000000000000011111111
11111111110000000000001111111111
11111111111000000000011111111111
11111111111000000000111111111111
11111111111000000000111111111111
11111111110000000001111111111111
11111111100000000011111111111111
11111111000000000011111111111111
11111111000000000011111111111111
11111110000000000000111111111111
11111110000000000000111111111111
11111111000000100000011111111111
11111110000001100000011111111111
11111110000000000000011111111111
11111110000000000000011111111111
11111110000000000000011111111111
11111111000000000000011111111111
11111111100000000000111111111111
11111111110000000001111111111111
11111111111110000011111111111111
