11111111100000000000001111111111
11111111000000000000000111111111
11111111000000000000000111111111
11111111000000000000000001111111
11111110000000000000000001111111
11111110000000000000000001111111
11111110000010000011000001111111
11111100000011000111000001111111
11111110000011111111100000111111
11111111000011111111000001111111
11111111000001111110000001111111
11111111000001111100000011111111
11111111000000111000000111111111
11111111100000110000000111111111
11111111110000010000000111111111
11111111110000000000001111111111
11111111111000000000011111111111
11111111111000000000111111111111
11111111111000000001111111111111
11111111111000000001111111111111
11111111110000000011111111111111
11111111100000000011111111111111
11111111000000000011111111111111
11111111000000000011111111111111
11111110000000000011111111111111
11111111000001000001111111111111
11111111000001000001111111111111
11111110000000000001111111111111
11111111000000000001111111111111
11111111000000000011111111111111
11111111110000000011111111111111
11111111110000001111111111111111
