11111111111111100000001111111111
11111111111111000000000111111111
11111111000000000000000111111111
11111111000000000000000001111111
11111111000000000000000001111111
11111111000000000001000001111111
11111110000000000111000001111111
11111110000000001110000011111111
11111111000000101111000001111111
11111111100000111110000001111111
11111111100000011000000011111111
11111111100000010000000111111111
11111111100000000000001111111111
11111111110000000000001111111111
11111111111100000000001111111111
11111111111100000000111111111111
11111111111000000001111111111111
11111111110000000011111111111111
11111111100000000001111111111111
11111111100000000000111111111111
11111111000000000000111111111111
11111111000000000000111111111111
11111110000000100000111111111111
11111110000011100000111111111111
11111100000011100000111111111111
11111110000011110000011111111111
11111111000011100000011111111111
11111111000011000000111111111111
11111111000000000000111111111111
11111111000000000001111111111111
11111111110000000001111111111111
11111111110000000011111111111111
