11111111111110000000011111111111
11111111111110000000000111111111
11111111100100000000000111111111
11111111000000000000000111111111
11111111000000000000000111111111
11111111100000000000000011111111
11111111100000011110000011111111
11111111100000111110000011111111
11111111110000001110000011111111
11111111110000001100000011111111
11111111111000000000000111111111
11111111111110000000000111111111
11111111111110000000000111111111
11111111111110000000001111111111
11111111111111000000011111111111
11111111111111000000011111111111
11111111111110000000111111111111
11111111111100000000111111111111
11111111111110000000011111111111
11111111111100000000111111111111
11111111111000000000111111111111
11111111110000000000111111111111
11111111110000001000011111111111
11111111100000010000011111111111
11111111100000110000111111111111
11111111100000000000011111111111
11111111100000000000111111111111
11111111100000000000111111111111
11111111110000000000111111111111
11111111100000000000111111111111
11111111100000000001111111111111
11111111110000001111111111111111
