11111111111111011111111111111111
11111111111100000111111111111111
11111111111100000011111111111111
11111111111100000000111111111111
11111111110000000000111111111111
11111110000000000000011111111111
11111110000000000000000111111111
11111000000000000000000011111111
11111000000111111100000011111111
11111000001111111100000011111111
11111000001111111110000011111111
11111000000111111110000011111111
11111100000001111111000011111111
11111111000000011111000001111111
11111111000000001110000001111111
11111111110000000000000001111111
11111111111110000000000011111111
11111111111111000000000111111111
11111111111110000000001111111111
11111111111110000000001111111111
11111111111110000000000011111111
11111111111100000000000001111111
11111111111000000111000000111111
11111111111000001111000000111111
11111111110000011111000000111111
11111111100000011111100000011111
11111111100000001111110000011111
11111111110000000000000000001111
11111111111000000000000000001111
11111111111100000000000000001111
11111111111111100000000000011111
11111111111111111100000011111111
