11111111111110000011111111111111
11111111111000000001111111111111
11111111110000010000111111111111
11111111110000000000001111111111
11111111000000011000000111111111
11111111000000111100000111111111
11111100000011111100000111111111
11111110010111111110000111111111
11111111000111111100011111111111
11111110001111111000011111111111
11111110011111111000011111111111
11111110000111110000011111111111
11111110000011110000111111111111
11111111000001110000111111111111
11111111000000000011111111111111
11111111110000000001111111111111
11111111111000000001111111111111
11111111111000000011111111111111
11111111111111000001111111111111
11111111111100000000111111111111
11111111111100000000111111111111
11111111111000000000111111111111
11111111111000011000001111111111
11111111110000011000011111111111
11111111100000111000011111111111
11111111100001111000011111111111
11111111110000111100001111111111
11111111110000110000001111111111
11111111100000000000011111111111
11111111110000000000111111111111
11111111111000000001111111111111
11111111111100000011111111111111
