11111111111110000000111111111111
11111111110000000000011111111111
11111111100000000000001111111111
11111111000000000000000011111111
11111111000000000000000011111111
11111111000000111111000011111111
11111111000001111110000011111111
11111111000000111100000111111111
11111111110000001100000111111111
11111111110000001000000111111111
11111111111000000000001111111111
11111111111101100000111111111111
11111111111100000000111111111111
11111111111100000001111111111111
11111111111110000000111111111111
11111111111110000001111111111111
11111111111100000001111111111111
11111111111000000001111111111111
11111111110000000001111111111111
11111111111000000000111111111111
11111111110000011000111111111111
11111111110000111000111111111111
11111111100000111000111111111111
11111111100001111000111111111111
11111111000011100000111111111111
11111111100001110000011111111111
11111111100001100000111111111111
11111111100000000001111111111111
11111111000000000011111111111111
11111111100000000011111111111111
11111111110000000111111111111111
11111111110000001111111111111111
