11111111111100000000111111111111
11111111111100000000001111111111
11111111110000000000001111111111
11111111100000000000001111111111
11111111000000000000000111111111
11111111000000011100000011111111
11111111000000111100000111111111
11111111000011111000000111111111
11111111100001111100000111111111
11111111100000110000001111111111
11111111100000000000011111111111
11111111110000000000001111111111
11111111111000000000011111111111
11111111111100000001111111111111
11111111111100000011111111111111
11111111111110000001111111111111
11111111111100000000111111111111
11111111111000000000111111111111
11111111111100000000001111111111
11111111110000001000001111111111
11111111100000011000001111111111
11111111100000111100000111111111
11111111100000011110000011111111
11111111100000111110000001111111
11111111000001111110000001111111
11111111100001111111000000111111
11111111000001111111000000111111
11111111000001111100000001111111
11111111100000000000000001111111
11111111110000000000000011111111
11111111110000000000000111111111
11111111111000000000001111111111
