11111111111000000000011111111111
11111111110000000000001111111111
11111111100000000000001111111111
11111111100000000000000011111111
11111111100000000000000011111111
11111111100000000000000011111111
11111111000000011000000011111111
11111111100000110000000011111111
11111111100000000000000111111111
11111111100000000000001111111111
11111111110000000000011111111111
11111111111000000000011111111111
11111111111100000000111111111111
11111111111000000001111111111111
11111111110000000011111111111111
11111111111000000001111111111111
11111111110000000001111111111111
11111111100000000001111111111111
11111111110000000000111111111111
11111111100000010000011111111111
11111111000000110000011111111111
11111111000000111000011111111111
11111111100000111100001111111111
11111111100001111000011111111111
11111111000001110000011111111111
11111111000001110000011111111111
11111111100000100000001111111111
11111111000000000000011111111111
11111111100000000000011111111111
11111111100000000000111111111111
11111111110000000000111111111111
11111111111000000011111111111111
