11111111111100000011111111111111
11111111111000000000011111111111
11111111100000000000000111111111
11111110000000000000000111111111
11111100000000000000000111111111
11111110000000111110000011111111
11111110000011111110000011111111
11111110000011111100000011111111
11111110000001111000000111111111
11111111000001110000001111111111
11111111100000110000000111111111
11111111110000000000011111111111
11111111111100000000111111111111
11111111111100000011111111111111
11111111111110000011111111111111
11111111111000000011111111111111
11111111111000000011111111111111
11111111110000000001111111111111
11111111100000110001111111111111
11111111110000111000111111111111
11111111100000111000111111111111
11111111100000111100111111111111
11111111000011111100111111111111
11111111100001111110011111111111
11111111100011111101011111111111
11111111100011111100011111111111
11111111000011111000011111111111
11111111000011101000011111111111
11111111100000000000011111111111
11111111100000000000111111111111
11111111110000110000111111111111
11111111111000000011111111111111
