11111111111111101111111111111111
11111111111100000011111111111111
11111111111100000001111111111111
11111111110000000000011111111111
11111111100000000000011111111111
11111111100000111000001111111111
11111111000001110000001111111111
11111110000111110000111111111111
11110000000111111000011111111111
11100000001111110000111111111111
11110000001111110000011111111111
11111000001111110000111111111111
11111000001111100000111111111111
11111100000011100001111111111111
11111110000011100001111111111111
11111111100000000001111111111111
11111111100000000011111111111111
11111111110000000011111111111111
11111111111100000011111111111111
11111111111100000011111111111111
11111111111110000001111111111111
11111111111100000000111111111111
11111111111000000000111111111111
11111111111100001000001111111111
11111111111000011100001111111111
11111111111000011110000111111111
11111111111000011110000111111111
11111111111000011100000111111111
11111111111100000000000111111111
11111111111100000000001111111111
11111111111111000000001111111111
11111111111111100000011111111111
