11111111111100000001111111111111
11111111111100000000001111111111
11111111111000000000001111111111
11111111111000000000000111111111
11111111110000000000000111111111
11111111111000000110000011111111
11111111111111000010000111111111
11111111111111000000000111111111
11111111111111000000000111111111
11111111111111000000001111111111
11111111111111100000000111111111
11111111111111100000001111111111
11111111111111100000011111111111
11111111111111100000111111111111
11111111111111000000011111111111
11111111111111000000011111111111
11111111111100000000001111111111
11111111111100000000000111111111
11111111110000001100000111111111
11111111111000011111000011111111
11111111110000111111000011111111
11111111100000111111000001111111
11111110000011111111100000111111
11111111000001111111110000011111
11111111000011111111111000011111
11111111000011111111111000001111
11111111000001111111110000001111
11111111000000001111100000001111
11111111110000000000000000000111
11111111111000000000000000000111
11111111111110000000000000001111
11111111111111110000000011111111
