11111111111000000011111111111111
11111111100000000000011111111111
11111111000000000000001111111111
11111110000000000000000111111111
11111110000000000000000011111111
11111110000111111110000011111111
11111111000001111111000001111111
11111111001100111111100001111111
11111111001000011111000011111111
11111111011000001110000011111111
11111111111000000000000111111111
11111111111100000000001111111111
11111111111110000000111111111111
11111111111111000000011111111111
11111111111111000000111111111111
11111111111110000001111111111111
11111111111100000011111111111111
11111111111000000011111111111111
11111111111000000011111111111111
11111111110000100011111111111111
11111111110000110001111111111111
11111111100001110001111111111111
11111111100001110001111111111111
11111111000011110001111111111111
11111110000011100001111111111111
11111110000111000001111111111111
11111110000110000011111111111111
11111111000000000001111111111111
11111111000000000011111111111111
11111111000000000111111111111111
11111111100000011111111111111111
11111111100000111111111111111111
