11111111111111111111111111111111
11111111111110000000000011111111
11111111111100000000000011111111
11111111100000000000000001111111
11111111100000000000000001111111
11111111000000001111000011111111
11111111000000111111100001111111
11111111000000111111100011111111
11111111000000111111000011111111
11111111000000011111000000111111
11111111000000011110000001111111
11111111100000000000000001111111
11111111110000000000000001111111
11111111111000000000000011111111
11111111111000000000000111111111
11111111110000000000001111111111
11111111111000000000001111111111
11111111110000000000000111111111
11111111110000000000000011111111
11111111100000011100000001111111
11111111100000111100000001111111
11111111000001111111000000111111
11111111000001111111000000111111
11111110000011111110000001111111
11111110000011111111000001111111
11111110000011111110000011111111
11111110000001111110000011111111
11111111000000000000000111111111
11111111000000000000000111111111
11111111100000000000001111111111
11111111110000000000011111111111
11111111111111000111111111111111
