11111111111111100011111111111111
11111111111110000001111111111111
11111111100000000000111111111111
11111111000000000000011111111111
11111110000000000000001111111111
11111100000000111100011111111111
11111100000011111110001111111111
11111110000011111110001111111111
11111111000001111100001111111111
11111111000001111110001111111111
11111111000000000000001111111111
11111111000000000000001111111111
11111111000000000000011111111111
11111111100000000000011111111111
11111111111000000000011111111111
11111111111110000000001111111111
11111111111000000000000111111111
11111111100000000000000011111111
11111111100000000000000011111111
11111111100000011111100001111111
11111111100000011111100001111111
11111111000000111111100000111111
11111111000001111111100000111111
11111111000001111111110000111111
11111111000001111111100000111111
11111111000001111110000000111111
11111111000000111000000000111111
11111111100000000000000001111111
11111111100000000000000001111111
11111111110000000000000111111111
11111111111000000000011111111111
11111111111111111111111111111111
