11111111111111000001111111111111
11111111111100000000011111111111
11111111110000000000001111111111
11111111100000000000000111111111
11111111000000000000000011111111
11111111000000000000000011111111
11111110000011111111000001111111
11111111000011111111100001111111
11111111000001111111100000111111
11111111000001111100000000111111
11111111000000000000000001111111
11111111000000000000000011111111
11111111000000000000000111111111
11111111100000000000001111111111
11111111110000000000001111111111
11111111110000000000001111111111
11111111111000000000000011111111
11111111110000000000000001111111
11111111111000000000000001111111
11111111110000000000000001111111
11111111110000001111100000111111
11111111110000001111110000111111
11111111110000011111110000111111
11111111100000111111100001111111
11111111100000111111000001111111
11111111100000111110000001111111
11111111100000111000000011111111
11111111100000000000000111111111
11111111100000000000001111111111
11111111110000000000001111111111
11111111110000000000011111111111
11111111111100000111111111111111
