11111111111101110000111111111111
11111111111000000000111111111111
11111111000000000000001111111111
11111111000000000000000111111111
11111110000000000000000111111111
11111100000000000000000111111111
11111100000000011110000111111111
11111100000001111111000111111111
11111110000111111111111111111111
11111100000111111111111111111111
11111100000011111111100011111111
11111110000001111110000001111111
11111110000000000000000000111111
11111111000000000000000001111111
11111111100000000000000111111111
11111111110000000000011111111111
11111111110000000001111111111111
11111111110000000001111111111111
11111111110000000001111111111111
11111111100000000001111111111111
11111111000000000000111111111111
11111111000001000000111111111111
11111111000011100000011111111111
11111110000011110000011111111111
11111110000011110000011111111111
11111110000011110000011111111111
11111110000111110000011111111111
11111110000111000000011111111111
11111111000000000001111111111111
11111111000000000001111111111111
11111111100000000001111111111111
11111111110000000111111111111111
