11111111111000000001111111111111
11111111110000000000111111111111
11111111100000000000111111111111
11111110000000000000111111111111
11111110000000000000111111111111
11111100000001110001111111111111
11111100000011111011111111111111
11111100000111111111111111111111
11111000000111111111111111111111
11111000000111111111111111111111
11111100000111111111111111111111
11111100000111111111111111111111
11111100000011111111111111111111
11111110000001111111111011111111
11111110000001111111000000111111
11111111000000111100000000011111
11111111100000011000000000011111
11111111100000000000000000011111
11111111110000000000000000111111
11111111110000000000000111111111
11111111110000000000011111111111
11111111100000000001111111111111
11111111100000000001111111111111
11111111000000000001111111111111
11111110000000000000111111111111
11111110000001000000111111111111
11111110000001100000111111111111
11111111000000000000011111111111
11111111000000000000011111111111
11111111100000000000111111111111
11111111100000000001111111111111
11111111110000000001111111111111
