11111111111111100111111111111111
11111111110000000111111111111111
11111111100000000011111111111111
11111111100000000011111111111111
11111110000000000011111111111111
11111110000000001110001111111111
11111111000000110000000011111111
11111111000011000000000011111111
11111111000000000000000001111111
11111111000000000000000011111111
11111111000000000000111111111111
11111111000000000011111111111111
11111111000000001111111111111111
11111111100000001111111111111111
11111111100000111111111111111111
11111111100001111111111111111111
11111111100001111111111111111111
11111111000001111111111111111111
11111110000001111111111111111111
11111110000001111111111111111111
11111111000000111111111111111111
11111111000000011111111111111111
11111111000000001111111111111111
11111111000000001111111111111111
11111111000000001111111111111111
11111110000000001111111111111111
11111110000000000111111111111111
11111111100000000111111111111111
11111111100000000111111111111111
11111111100000000111111111111111
11111111100000000111111111111111
11111111110000000111111111111111
