11111111111011111111111111111111
11111111110011111111111111111111
11111110000001111111111111111111
11111110000000111111110011111111
11111110000000011111100001111111
11111110001000011111000000111111
11111111001000011100000000111111
11111111001000011000000001111111
11111111001000010000011111111111
11111111000100000000111111111111
11111111000110000000111111111111
11111111110000000011111111111111
11111111110000000111111111111111
11111111110000001111111111111111
11111111111000011111111111111111
11111111110000001111111111111111
11111111100000000111111111111111
11111111000000000111111111111111
11111111000010000111111111111111
11111111000011100011111111111111
11111110000111100011111111111111
11111110000111100011111111111111
11111110001111100011111111111111
11111110001111100011111111111111
11111100001111100011111111111111
11111100001111100011111111111111
11111100001111000011111111111111
11111110000110000011111111111111
11111110000000000011111111111111
11111110000000000011111111111111
11111111000000000111111111111111
11111111110000011111111111111111
