11111111111110001111111111111111
11111111111000000001111111111111
11111111110000000001111111111111
11111110000000000000111111111111
11111110000000000000111111111111
11111110000011100000111111111111
11111100000111100000111111111111
11111100000111100000001111111111
11111100000111100000000111111111
11111100000110000000000011111111
11111110000000000000000111111111
11111110000000000000000111111111
11111110000000000000111111111111
11111111000000000001111111111111
11111111100000000011111111111111
11111111111000000011111111111111
11111111111110000000111111111111
11111111111110000000111111111111
11111111111110000000011111111111
11111111111100000000001111111111
11111111111100001100000111111111
11111111111000011110000011111111
11111111111000011111000001111111
11111111110000111111100001111111
11111111110000111111100000111111
11111111110000011111110000111111
11111111110001111111110000111111
11111111110000011111000000111111
11111111110000000000000001111111
11111111110000000000000001111111
11111111110000000000001111111111
11111111111100000000011111111111
