11111111111111100001111111111111
11111111111110000001111111111111
11111111111000000000111111111111
11111111111000000000011111111111
11111111100000000000010001111111
11111111100000000000010000111111
11111111000001111100000000111111
11111111000011111110000000111111
11111110000111111110000001111111
11111110000111111110000011111111
11111110000111111000001111111111
11111100000111111000011111111111
11111100000111110000011111111111
11111110000111100000111111111111
11111110000010000001111111111111
11111111000000000011111111111111
11111111100000000111111111111111
11111111100000000111111111111111
11111111110000000111111111111111
11111111111000000111111111111111
11111111111000000011111111111111
11111111110000000001111111111111
11111111110000000000111111111111
11111111110001110000011111111111
11111111110001110000011111111111
11111111110001111000011111111111
11111111110001111000001111111111
11111111110000000000001111111111
11111111110000000000001111111111
11111111111000000000011111111111
11111111111000000000011111111111
11111111111111001111111111111111
