11111111111111100000111111111111
11111111111111000000011111111111
11111110001000000000001111111111
11111111100000000000000111111111
11111111110000000000000011111111
11111111111000011100000000111111
11111111111000011100000000111111
11111111111000011000000000111111
11111111111000000000111111111111
11111111111000000001111111111111
11111111111000000111111111111111
11111111111000001111111111111111
11111111111000001111111111111111
11111111111000001111111111111111
11111111111000011111111111111111
11111111110000001111111111111111
11111111100000001111111111111111
11111111100010000111111111111111
11111111000011000111111111111111
11111110000111100011111111111111
11111110000111100011111111111111
11111110000111100011111111111111
11111100001111100011111111111111
11111100001111100011111111111111
11111100001111000011111111111111
11111100011110000011111111111111
11111100001110000011111111111111
11111100001100000111111111111111
11111110000000001111111111111111
11111110000000001111111111111111
11111111100000001111111111111111
11111111110000111111111111111111
