11111111111111110011111111111111
11111111111100000000011111111111
11111111111000000000001111111111
11111111100000000000000111111111
11111110000000000000000011111111
11111110000000000000000011111111
11111110000000011110000001111111
11111100000011111111000001111111
11111000000011111111000001111111
11111000000011111110000001111111
11111000000001111110000001111111
11111000000001111100000011111111
11111000000000111100000111111111
11111100000000000000000011111111
11111110000000000000000011111111
11111111000000000000000111111111
11111111111000000000011111111111
11111111111110000000111111111111
11111111111111000000111111111111
11111111111111000000111111111111
11111111111111000000011111111111
11111111111100000000001111111111
11111111111100000000000111111111
11111111111000000000000111111111
11111111111000001100000111111111
11111111111000001110000011111111
11111111110000001100000011111111
11111111111000000000000001111111
11111111111000000000000011111111
11111111111000000000000111111111
11111111111100000000011111111111
11111111111111110111111111111111
