11111111111110000111111111111111
11111111111100000111111111111111
11111111100000000011111111111111
11111111110000000000111111111111
11111111100000000000111111111111
11111111000000000000111111111111
11111110000001111001111111111111
11111110000011111111100001111111
11111110000111111111000001111111
11111100001111100000000011111111
11111110001110000000000011111111
11111100001100011000001111111111
11111110000100000000001111111111
11111110000000100001111111111111
11111111000000000111111111111111
11111111000001011111111111111111
11111111000000111111111111111111
11111111000100111111111111111111
11111111000001111111111111111111
11111110000001111111111111111111
11111110000000111111111111111111
11111111000000011111111111111111
11111111000000011111111111111111
11111111000000001111111111111111
11111110000010001111111111111111
11111111000010001111111111111111
11111111000010001111111111111111
11111111000000000111111111111111
11111111100000000111111111111111
11111111100000000111111111111111
11111111110000000111111111111111
11111111111110001111111111111111
