11111111111111110001111111111111
11111111111100000000111111111111
11111111111000000000011111111111
11111111110000000000011111111111
11111111100000011111111111111111
11111111000000111111111111111111
11111110000001111111111111111111
11111110000011111111111111111111
11111110000111111111110000111111
11111110000111111110000000111111
11111110000011110000000000111111
11111110000011000000000000111111
11111110000000000000000111111111
11111111000000000000011111111111
11111111100000000000111111111111
11111111110000000011111111111111
11111111110000000111111111111111
11111111110000000111111111111111
11111111110000000011111111111111
11111111110000000011111111111111
11111111110000000000111111111111
11111111100000000001111111111111
11111111100001100000111111111111
11111111100001110000111111111111
11111111100001111000111111111111
11111111100001111000111111111111
11111111100001111000011111111111
11111111110000111000011111111111
11111111110000000000011111111111
11111111111000000000011111111111
11111111111110000000011111111111
11111111111111100001111111111111
