11111111111111000000011111111111
11111111111100000000011111111111
11111111111000000000000111111111
11111111110000000000000011111111
11111111110000000000000011111111
11111111100000000000000011111111
11111111110000011110000001111111
11111111111000011100000011111111
11111101111000011000000011111111
11111000011000000000000111111111
11111000000000000000001111111111
11111000000000000000001111111111
11111000000000000000011111111111
11111110000000000000111111111111
11111111100000000001111111111111
11111111110000000111111111111111
11111111000000000011111111111111
11111111000000000000111111111111
11111110000000000000111111111111
11111110000011000000111111111111
11111110000011110000001111111111
11111110000011111000001111111111
11111110000111111000001111111111
11111110000111111000001111111111
11111110000111111000000011111111
11111110000111111000000011111111
11111111000011111000000011111111
11111111100000000000000011111111
11111111110000000000000111111111
11111111111000000000000111111111
11111111111100000000011111111111
11111111111111001111111111111111
