11111111111111110111111111111111
11111111111000000001111111111111
11111111100000000000111111111111
11111111000000000000011111111111
11111110000000111100001111111111
11111110000111111100001111111111
11111100000111111110001111111111
11111100001111111110001111111111
11111100001111111110000001111111
11111110000111111111000000111111
11111110000111111110000000111111
11111110000111111110000000111111
11111111000001111110000001111111
11111111000001111100000111111111
11111111100001111000001111111111
11111111100000100000011111111111
11111111110000000001111111111111
11111111110000000011111111111111
11111111111000000011111111111111
11111111111000000111111111111111
11111111111000000111111111111111
11111111110000000111111111111111
11111111110000000111111111111111
11111111110000000011111111111111
11111111100001000011111111111111
11111111100001000011111111111111
11111111100001100001111111111111
11111111100001100001111111111111
11111111100001100001111111111111
11111111100000000001111111111111
11111111100000000011111111111111
11111111110000000111111111111111
