11111111111110000001111111111111
11111111110000000000011111111111
11111111100000000000001111111111
11111111100000000000001111111111
11111111000000000000000111111111
11111110000001111110000011111111
11111100000001111111000001111111
11111000000001111111100001111111
11111000000001111111000001111111
11111000000001111110000001111111
11111100000000111100000001111111
11111111000000111000000011111111
11111111000000000000000111111111
11111111100000000000000011111111
11111111111000000000001111111111
11111111111000000001111111111111
11111111110000000001111111111111
11111111100000000001111111111111
11111111100000000001111111111111
11111110000000000000111111111111
11111111000000010000011111111111
11111110000001111000001111111111
11111110000011111000001111111111
11111110000111111000001111111111
11111110001111111100001111111111
11111110001111111000001111111111
11111110001111111000001111111111
11111111100111111100000111111111
11111111100000000000001111111111
11111111100000000000011111111111
11111111111000000000011111111111
11111111111111000011111111111111
