11111111111111101011111111111111
11111111111100000000001111111111
11111111111000000000000111111111
11111111100000000000000111111111
11111111000001111110000111111111
11111111000011111111100011111111
11111111000011111111100001111111
11111111000011111111110001111111
11111110000111111111111001111111
11111110000011111111111001111111
11111110000111111111110000111111
11111110000111111111110000011111
11111110000111111110000000111111
11111110000111111100000011111111
11111110000011111100000011111111
11111111000011110000001111111111
11111111100000100000011111111111
11111111100000000000111111111111
11111111110000000000111111111111
11111111111000000011111111111111
11111111111000000011111111111111
11111111111000000011111111111111
11111111111000000011111111111111
11111111110000000001111111111111
11111111110000000000111111111111
11111111110000000000111111111111
11111111110000110000011111111111
11111111110000111000011111111111
11111111110000010000011111111111
11111111111000000000011111111111
11111111111000000001111111111111
11111111111100000011111111111111
