11111111111110000001111111111111
11111111111000000000011111111111
11111111110000000000011111111111
11111111110000000000000111111111
11111111100000011110000111111111
11111111000000111110000111111111
11111110000011111110000111111111
11111110000011111111000011111111
11111110000111111110000111111111
11111110001111111110000111111111
11111110001111111100001111111111
11111111001111111100001111111111
11111111001111111000011111111111
11111110011111110000111111111111
11111100001111000001111111111111
11111110000111100001111111111111
11111100000111000011111111111111
11111110000000000111111111111111
11111111000000000111111111111111
11111111100000000011111111111111
11111111111000000000011111111111
11111111110000000000001111111111
11111111110000110000000011111111
11111111110000111100000001111111
11111111100001111111100000111111
11111111100001111111100000111111
11111111100001111111100000011111
11111111100000111110000000111111
11111111100000011100000001111111
11111111110000000000000111111111
11111111111110000000001111111111
11111111111111000000011111111111
