11111111111111111011111111111111
11111111111111000000000111111111
11111111110000000000000011111111
11111111110000000000000001111111
11111111110000000000000000111111
11111111100000001111110000111111
11111110000001111111111000111111
11111110000001111111111000111111
11111110000001111111100000111111
11111100000111111110000001111111
11111100000111110000000001111111
11111110000110000000000011111111
11111110000000000000000111111111
11111110000000000000000111111111
11111110000000000000000111111111
11111110000000000000000011111111
11111111100000001110000000111111
11111111100000011111110000111111
11111111100000111111111000111111
11111111100000111111111000111111
11111111100001111111111000111111
11111111100001111111110000111111
11111111100001111111110000111111
11111111100001111111110000111111
11111111100001111111000011111111
11111111100001111110000011111111
11111111100000111000000011111111
11111111100000000000001111111111
11111111100000000000011111111111
11111111110000000000111111111111
11111111111000000001111111111111
11111111111111011111111111111111
