11111111111100000111111111111111
11111111111000000000111111111111
11111111100000000000000111111111
11111111100000000000000111111111
11111110000000000000000011111111
11111110000001110100000011111111
11111111000011111111100001111111
11111111001111111111000001111111
11111111011111111110000011111111
11111111011111111100000011111111
11111110011111111000000011111111
11111100000011100000001111111111
11111100000001100000011111111111
11111100000000000000111111111111
11111110000000000001111111111111
11111111110000000011111111111111
11111111111000000111111111111111
11111111111000000011111111111111
11111111110000000001111111111111
11111111110000000001111111111111
11111111110000010000111111111111
11111111110000111000111111111111
11111111100001111000011111111111
11111111100001111000011111111111
11111111000011111100011111111111
11111111000011111000011111111111
11111111000111110000011111111111
11111111100000000000011111111111
11111111100000000000011111111111
11111111100000000000111111111111
11111111110000000001111111111111
11111111111000111111111111111111
