11111111111100000111111111111111
11111111111110000000111111111111
11111111111000000000001111111111
11111111111000000000000111111111
11111111110000000000000111111111
11111111111000000000000011111111
11111111111000011100000011111111
11111111111000111100000011111111
11111111110001111000000011111111
11111110000000000000000111111111
11111110000000000000000011111111
11111100000000000000000111111111
11111100000000000000001111111111
11111000000000000001111111111111
11111100000000000000111111111111
11111110000000000000011111111111
11111111100000001000001111111111
11111111100000011000000111111111
11111111000000111100000111111111
11111111100000111110000011111111
11111111000001111111000011111111
11111111000011111111000011111111
11111111000011111111000011111111
11111111100001111111100001111111
11111111000001111111100001111111
11111111100001111111100001111111
11111111100000111111000001111111
11111111100000000000000011111111
11111111111000000000000001111111
11111111111000000000000001111111
11111111111100000000000111111111
11111111111111111110011111111111
