11111111111100000011111111111111
11111111111000000000111111111111
11111111110000000000011111111111
11111111100000000000001111111111
11111111100000000000001111111111
11111111110001111110000111111111
11111111110011111111000111111111
11111111110011111111000111111111
11111111111011111111100011111111
11111111111111111110000111111111
11111111111111111110000111111111
11111111110000111110000111111111
11111111100000111100001111111111
11111110000000001000011111111111
11111110000000000001111111111111
11111111000000000000111111111111
11111111110010000000111111111111
11111111111100000000011111111111
11111111111100000100000111111111
11111111111000001110000011111111
11111111111000011111000011111111
11111111100001111111100011111111
11111111100001111111110001111111
11111111100001111111110001111111
11111111000011111111110001111111
11111111100001111111111000111111
11111111100001111111110000111111
11111111100001111111000000111111
11111111110000111100000000011111
11111111110000000000000001111111
11111111111000000000000111111111
11111111111100000000011111111111
