11111111111111111111011111111111
11111111111111000000001111111111
11111111111000000000000011111111
11111111111000000000000001111111
11111111110000000000000001111111
11111111100000000000000001111111
11111111100000001111000001111111
11111111100000111110000011111111
11111111000001111100000011111111
11111111000011111100000111111111
11111111000011111000001111111111
11111100000011110000001111111111
11111110000000100000001111111111
11111110000000000000011111111111
11111100000000000001111111111111
11111100000000000001111111111111
11111111000000000011111111111111
11111111111000000001111111111111
11111111111000000001111111111111
11111111111000000000111111111111
11111111110000000000001111111111
11111111111000001000000111111111
11111111111000011100000011111111
11111111111000011100000011111111
11111111111000011110000011111111
11111111110000011110000011111111
11111111110000001000000111111111
11111111110000000000000111111111
11111111111000000000000111111111
11111111111000000000001111111111
11111111111100000000001111111111
11111111111111100000111111111111
