11111111111111111100011111111111
11111111111110000000000111111111
11111111111100000000000011111111
11111111111000000000000001111111
11111111110000000000000001111111
11111111100000000110000001111111
11111111100000111110000001111111
11111111100000111100000011111111
11111111100000111100000111111111
11111110110000111000001111111111
11111000111101111000011111111111
11111000011111100000111111111111
11111100001111100000011111111111
11111100000111000000111111111111
11111110000010000000111111111111
11111110000000000011111111111111
11111111000000000011111111111111
11111111100000000111111111111111
11111111110000001111111111111111
11111111100000000111111111111111
11111111000000000011111111111111
11111111100000000000011111111111
11111111100000100000011111111111
11111111000000110000001111111111
11111111100000110000000111111111
11111111100000111100000011111111
11111111100000001110000011111111
11111111110000000000000011111111
11111111111000000000000011111111
11111111111100000000000011111111
11111111111111100000000001111111
11111111111111111100001111111111
