11111111111111110000011111111111
11111111111111000000001111111111
11111111111000000000000011111111
11111111110000000000000011111111
11111111100000000000000011111111
11111111100000011110000011111111
11111111110000111111000001111111
11111000000001111110000001111111
11111000000011111100000001111111
11111000000011111100000111111111
11111100000000110000001111111111
11111110000000000000001111111111
11111111100000000000111111111111
11111111111000000000111111111111
11111111111000000000111111111111
11111111111100000001111111111111
11111111111000000000111111111111
11111111111000000000111111111111
11111111110000110000011111111111
11111111100000111000011111111111
11111111110000111100001111111111
11111111110000111100000111111111
11111111100001111110000111111111
11111111100011111110000111111111
11111111100011111110000111111111
11111111100011111100000111111111
11111111100001111000000111111111
11111111110000010000000011111111
11111111111000000000001111111111
11111111111000000000001111111111
11111111111000000000011111111111
11111111111100000011111111111111
