11111111111111000011111111111111
11111111111000000000111111111111
11111111111000000000111111111111
11111111111000000000000111111111
11111111111100000000000011111111
11111111111000111110000011111111
11111111100011111111100011111111
11111111100011111111100011111111
11111111110001111111100001111111
11111111110001111111100001111111
11111111110000111110000001111111
11111111111000011100000111111111
11111111111000001000001111111111
11111111111000000000011111111111
11111111111100000000001111111111
11111111111110000000111111111111
11111111111000000011111111111111
11111111110000000011111111111111
11111111100000000001111111111111
11111111110000000000111111111111
11111111100000111000111111111111
11111111000001111000011111111111
11111111000011111100011111111111
11111110000111111100001111111111
11111110000111111100001111111111
11111111000011111111000111111111
11111111100011111111000111111111
11111111100000011110000111111111
11111111100000000000000111111111
11111111111000000000000111111111
11111111111111000000000111111111
11111111111111110000001111111111
