11111111111111111110111111111111
11111111111111100000000111111111
11111111100000000000000001111111
11111111000000000000000001111111
11111110000000000111000000111111
11111110000000011111100000111111
11111100000001111111100000111111
11111100000001111111100000111111
11111100000111111110000001111111
11111100000111111100000001111111
11111100000011100000000111111111
11111100000000000000000111111111
11111110000000000000011111111111
11111110000000000000111111111111
11111110000000000000001111111111
11111111000000000000000111111111
11111111000000011110000001111111
11111111000001111111100001111111
11111110000001111111100001111111
11111110000011111111110000111111
11111110000011111111110000111111
11111110000011111111111000111111
11111110000011111111110000111111
11111110000111111111100000111111
11111110000011111111100001111111
11111110000011111110000001111111
11111110000011111100000011111111
11111111000000000000001111111111
11111111000000000000011111111111
11111111100000000001111111111111
11111111000000000111111111111111
11111111110011111111111111111111
