11111111110000111110001111111111
11111111100000111110001111111111
11111111000000011100001111111111
11111111000000011110000011111111
11111110000000001110000011111111
11111110000011001100000011111111
11111110000000011100000111111111
11111110000011011000000111111111
11111111000011111000000111111111
11111111000001110000000111111111
11111111001001110000000111111111
11111111100000000000011111111111
11111111110000000000111111111111
11111111110000000001111111111111
11111111111100000000111111111111
11111111111100000001111111111111
11111111111100000011111111111111
11111111111100000011111111111111
11111111111000000011111111111111
11111111111000000011111111111111
11111111110000000001111111111111
11111111110000000001111111111111
11111111110000000001111111111111
11111111110000000001111111111111
11111111100000000011111111111111
11111111100000000001111111111111
11111111100000000001111111111111
11111111100000000011111111111111
11111111000000000011111111111111
11111111000000001111111111111111
11111111110000011111111111111111
11111111111100111111111111111111
