11111111100000000111110111111111
11111111100000000011100011111111
11111111000000000011000011111111
11111111000000000000000001111111
11111111000000000000000000111111
11111111000000010000000000111111
11111111000001111110000001111111
11111111000000111110000001111111
11111111000000111100000001111111
11111111000000111000000011111111
11111111110000000000000111111111
11111111110000000000001111111111
11111111111000000000011111111111
11111111111000000000111111111111
11111111111000000001111111111111
11111111111000000001111111111111
11111111111000000111111111111111
11111111111000000111111111111111
11111111110000000011111111111111
11111111110000000001111111111111
11111111100000000001111111111111
11111111000000000001111111111111
11111111000000000001111111111111
11111110000001000001111111111111
11111110000011000001111111111111
11111100000011000001111111111111
11111110000000000001111111111111
11111110000000000001111111111111
11111110000000000011111111111111
11111111000000000111111111111111
11111111110000001111111111111111
11111111111110011111111111111111
