11111111110000111111111111111111
11111111100011011111001111111111
11111111000010001110001111111111
11111111000000000111000011111111
11111111000000000111000011111111
11111111000000000000000011111111
11111110000000000000000111111111
11111110000001110000000111111111
11111111000001111100000011111111
11111111110001111000000111111111
11111111000001111000001111111111
11111111000001110000001111111111
11111111000001100000001111111111
11111111000001000000011111111111
11111111110000000000011111111111
11111111110000000000011111111111
11111111111000000000111111111111
11111111111000000001111111111111
11111111111000000001111111111111
11111111111100000001111111111111
11111111111000000001111111111111
11111111110000000011111111111111
11111111110000000011111111111111
11111111000000000011111111111111
11111111000000000011111111111111
11111111000000000001111111111111
11111111000000000001111111111111
11111111000000000011111111111111
11111111000000000011111111111111
11111111000000011111111111111111
11111111110000001111111111111111
11111111111000111111111111111111
