11111111111110000111111111111111
11111111111000000001111111111111
11111111100000000000001111111111
11111111100000000000000111111111
11111111100000000000000011111111
11111111000000111110000011111111
11111111000001111110000001111111
11111111000011111111000001111111
11111111000011111110000001111111
11111111000001111110000000111111
11111100000011110000000001111111
11111110000001100000000000111111
11111111000000000000000001111111
11111111000000000000000001111111
11111111000000000000000111111111
11111111110000000000111111111111
11111111111000000000111111111111
11111111111100000000111111111111
11111111111110000000011111111111
11111111111110000000001111111111
11111111111110000000000111111111
11111111111100000000000111111111
11111111111100000000000111111111
11111111110000011000000111111111
11111111100000111100000011111111
11111111100000111100000011111111
11111111100000111100000011111111
11111111100000111100000011111111
11111111100000000000000011111111
11111111100000000000000111111111
11111111100000000000000111111111
11111111111100000011111111111111
