11111111111111111111111111111111
11111111111100000000111111111111
11111111110000000000001111111111
11111111100000000000000111111111
11111111100000011100000011111111
11111111100001111110000011111111
11111111000011111110000011111111
11111111000111111110000011111111
11111111000011111100000011111111
11111111100011111000000011111111
11111111000011111000000111111111
11111111000001110000000111111111
11111111100000000000000111111111
11111111110000000000001111111111
11111111110000000000011111111111
11111111110000000000111111111111
11111111111000000000111111111111
11111111110000000000111111111111
11111111110000000000111111111111
11111111110000000000011111111111
11111111100000111000001111111111
11111111100001111100000111111111
11111111000001111110000111111111
11111110000111111110000111111111
11111110001111111110000011111111
11111110000111111110000011111111
11111111000011111110000011111111
11111111000001111100000011111111
11111111100000000000000111111111
11111111100000000000000111111111
11111111111111100111111111111111
11111111111111111111111111111111
