11111111111111100111111111111111
11111111111100000001111111111111
11111111110000000000011111111111
11111111000000000000011111111111
11111111000000000000011111111111
11111100000000000000000001111111
11111100000000100000000001111111
11111100000011100000000001111111
11111100000111100000000000111111
11111100000111100000000000111111
11111100000111110000000000111111
11111110000001000000000000111111
11111110000000000000000011111111
11111111000000000000001111111111
11111111000000000000011111111111
11111111110000000001111111111111
11111111111000000001111111111111
11111111111000000001111111111111
11111111111100000000111111111111
11111111111000000000011111111111
11111111111000000000001111111111
11111111111000000000001111111111
11111111111000000000000111111111
11111111111000000000000011111111
11111111111000000000000001111111
11111111111000001110000001111111
11111111110000000000000001111111
11111111110000000000000001111111
11111111100000000000000011111111
11111111110000000000000011111111
11111111110000000000001111111111
11111111111110001111111111111111
