11111111111110001111111111111111
11111111111000000000111111111111
11111111000000000000011111111111
11111111100000000000001111111111
11111111000000000000000111111111
11111110000000111100000111111111
11111100000011111100000011111111
11111100000011111100000011111111
11111100000111111100000011111111
11111100000111100000000001111111
11111100000011000000000001111111
11111110000000000000000011111111
11111111000000000000000001111111
11111111100000000000100111111111
11111111110000000001111111111111
11111111110000000011111111111111
11111111110000000011111111111111
11111111110000000011111111111111
11111111100000000000111111111111
11111111000000000000111111111111
11111111000001100000011111111111
11111111000000111000000111111111
11111111000000111100000011111111
11111111000001111110000011111111
11111110000011111110000001111111
11111110000011111111000001111111
11111110000011111111000000111111
11111110000011111110000000111111
11111110000000000000000001111111
11111111000000000000000011111111
11111111110000000000000001111111
11111111111100000000000111111111
