11111111111100111111111111111111
11111111100000000111111111111111
11111111000000000111111111111111
11111111000000000011111111111111
11111111000011100001111111111111
11111110000111110001111111111111
11111110000111100001111111111111
11111110000111110001111111111111
11111110000111110011111111111111
11111110000111110011111111111111
11111110000111100011111111111111
11111110000111100011111111111111
11111111000011100011111111111111
11111111100001000011111111111111
11111111100000000011111111111111
11111111110000001111111111111111
11111111111000001111111111111111
11111111111000000011111111111111
11111111100000000000111111111111
11111111100000000000011111111111
11111111000011100000000111111111
11111111000011111110000000111111
11111110000011111111110000011111
11111110000111111111111000011111
11111111000111111111111100011111
11111111000111111111111100011111
11111111001111111111111000011111
11111111001111111111111000011111
11111111000111111111000000111111
11111111000000100000000001111111
11111111110000000000000001111111
11111111111100000000001111111111
