11111111111111111011111111111111
11111111111100000001111111111111
11111111100000000000011111111111
11111111100000000000011111111111
11111110000011111000001111111111
11111110000011111100001111111111
11111110000111111100011111111111
11111110000111111100011111111111
11111110000111111000011111111111
11111100000111111000011111111111
11111110000111111000011111111111
11111110000011111000111111111111
11111111100000110001111111111111
11111111100000000001111111111111
11111111111000000001111111111111
11111111111100000001111111111111
11111111111110000000011111111111
11111111111110000000001111111111
11111111111100000000000111111111
11111111111000111110000011111111
11111111110000111110000001111111
11111111100001111111100001111111
11111111100011111111100000111111
11111111100111111111110000111111
11111100001111111111110000111111
11111100001111111111110000111111
11111100000111111111100000111111
11111110000111111111000000111111
11111110000000001100000001111111
11111111100000000000000111111111
11111111100000000000001111111111
11111111111111011001111111111111
