11111111111110011111111111111111
11111111111000000011111111111111
11111111110000000001111111111111
11111111110000000000111111111111
11111111100000111000111111111111
11111111100001111100111111111111
11111111000001111100111111111111
11111110000011111100111111111111
11111111000011111110011111111111
11111111000011111110011111111111
11111111000011111100011111111111
11111111000011111100011111111111
11111111000011111000011111111111
11111111000011111000111111111111
11111111100001111000011111111111
11111111110000110000111111111111
11111111111000000000111111111111
11111111111100000001111111111111
11111111111110000011111111111111
11111111111111000000111111111111
11111111111110000000000111111111
11111111111100000000000111111111
11111111111000001110000001111111
11111111100000011111100000111111
11111111000000111111110000011111
11111111100001111111111100001111
11111111100011111111111100001111
11111111100011111111111000001111
11111111100001111111000000011111
11111111110000000000000001111111
11111111111100000000000011111111
11111111111110000000000111111111
