11111111111111111011111111111111
11111111111000000001111111111111
11111111100000000000111111111111
11111111000000000000111111111111
11111110000000111000001111111111
11111110000011111100001111111111
11111110000111111100001111111111
11111100000111111100001111111111
11111100000111111100011111111111
11111100000111111000011111111111
11111111000011111000011111111111
11111111000001111000011111111111
11111111000000110000011111111111
11111111110000000001111111111111
11111111111000000001111111111111
11111111111100000011111111111111
11111111110000000001111111111111
11111111110000000000111111111111
11111111100000111000011111111111
11111111000001111100000111111111
11111110000011111110000001111111
11111110000011111110000001111111
11111110000111111111100001111111
11111111000111111111111000111111
11111110000111111111111100011111
11111110000111111111111100011111
11111110000111111111111100011111
11111110000111111111111000011111
11111111000011111111110000111111
11111111100000000000000000111111
11111111110000000000000011111111
11111111111110000000001111111111
