11111111111110000000000001111111
11111111111000000000000000011111
11111111110000000000000000011111
11111111000000000000000000111111
11111111000000000000000000011111
11111111000001100000010000011111
11111110000011110000000000011111
11111110000111111000000000111111
11111110000111111100000000111111
11111111000111111110000001111111
11111111000111111110000011111111
11111111000011111000000111111111
11111110000011110000001111111111
11111111000000000000011111111111
11111111000000000000111111111111
11111111110000000001111111111111
11111111110000000000111111111111
11111111110000000000111111111111
11111111100000000000001111111111
11111111100000000000001111111111
11111111100000111000000111111111
11111111000011111000000111111111
11111110000111111100000111111111
11111110000111111100000111111111
11111110000011111110000011111111
11111111000011111110000011111111
11111111000000111000000011111111
11111111000000011000000011111111
11111111100000000000000111111111
11111111110000000000000111111111
11111111110000000000011111111111
11111111111000000000111111111111
