11111111111111100111101111111111
11111111111100000000000001111111
11111111111000000000000001111111
11111111100000000000000001111111
11111111000000000000000000111111
11111110000000000000000000111111
11111110000011100000000000111111
11111110000011111111000000111111
11111110000111111111000000111111
11111100000111111111000001111111
11111100000011111100000001111111
11111100000011111100000001111111
11111110000001111000000011111111
11111110000000000000000111111111
11111111000000000000000111111111
11111111100000000000011111111111
11111111110000000000011111111111
11111111110000000000001111111111
11111111100000000000000111111111
11111111100000000000000011111111
11111111000000111100000011111111
11111111000001111110000001111111
11111111000001111111000001111111
11111110000001111111000000111111
11111111000001111111000000111111
11111111000001111111000000111111
11111111000000001110000000111111
11111111100000000000000001111111
11111111100000000000000011111111
11111111111000000000000011111111
11111111111000000000011111111111
11111111111100000000111111111111
