11111111111111100011111111111111
11111111110000000000111111111111
11111111100000000000111111111111
11111111000000000000011111111111
11111111000000000000001111111111
11111110000011110000000111111111
11111110000011110000000011111111
11111111000011110000000011111111
11111110000011111100000011111111
11111111000011111100000011111111
11111110000011111000000111111111
11111110000001110000000111111111
11111111000000000000001111111111
11111111100000000000001111111111
11111111110000000000111111111111
11111111111000000000111111111111
11111111110000000000001111111111
11111111100000000000000111111111
11111111000000000000000011111111
11111110000001111000000001111111
11111110000001111000000001111111
11111110000011111110000001111111
11111110000111111111000000111111
11111100001111111111000001111111
11111100001111111111000001111111
11111100001111111111000001111111
11111100000011111110000001111111
11111100000000110000000001111111
11111110000000000000000001111111
11111111100000000000000011111111
11111111111000000000001111111111
11111111111100000000011111111111
