11111111111111100000001111111111
11111111111111000000000111111111
11111111111000000000000001111111
11111111110000000000000001111111
11111111100000000000000001111111
11111111100000111000000001111111
11111111000001111110000000011111
11111111000001111111100000011111
11111111000001111111110000011111
11111111000000111111100000011111
11111111000000001110000000011111
11111111100000000000000000011111
11111111110000000000000011111111
11111111111000000000000011111111
11111111111000000000000111111111
11111111110000000000001111111111
11111111100000000000000111111111
11111111100000000000000011111111
11111111100000011000000011111111
11111111000001111110000001111111
11111111000011111111000000111111
11111110000111111111000001111111
11111110001111111111000001111111
11111110000111111111000001111111
11111110000111111111000001111111
11111111000011111110000001111111
11111111000000111100000001111111
11111111000000000000000001111111
11111111000000000000000011111111
11111111111000000000000111111111
11111111111000000000111111111111
11111111111111110011111111111111
