11111111110000001111111111111111
11111111000000000011111111111111
11111111000000000011111111111111
11111111000000000000000111111111
11111111000000000000000011111111
11111110000000100000000001111111
11111100000001110000000001111111
11111100000111110000000001111111
11111100000111111100000001111111
11111100001111111000000001111111
11111000001111111000000011111111
11111100000011100000000111111111
11111110000000000000001111111111
11111111000000000000011111111111
11111111100000000000111111111111
11111111110000000001111111111111
11111111110000000001111111111111
11111111110000000000111111111111
11111111100000000000011111111111
11111111000000110000001111111111
11111111000001111000000111111111
11111111000001111110000001111111
11111111000001111111000001111111
11111110000001111111100000011111
11111110000001111111100000011111
11111110000111111111110000011111
11111110000111111111110000011111
11111110000000000000000000011111
11111111000000000000000000011111
11111111000000000000000000011111
11111111111000000000000000111111
11111111111111111101111111111111
