11111111111110001111111111111111
11111111111000000011101011111111
11111111110000000000000000111111
11111111110000000000000000111111
11111111100000000000000000111111
11111111100000000000000000111111
11111111100000100000000000111111
11111111100001110001110000111111
11111111100001111011100000111111
11111111100000111111000001111111
11111111100000111111000001111111
11111111110000111111000001111111
11111111110000011110000011111111
11111111110000001110000011111111
11111111111000001100000111111111
11111111111000000000000111111111
11111111111110000000011111111111
11111111111110000000011111111111
11111111111000000000111111111111
11111111100000000000111111111111
11111111000000000000111111111111
11111110000000011000011111111111
11111110000000011000001111111111
11111110000001111100001111111111
11111100000111111100000111111111
11111100000111111110000111111111
11111100000000011110000011111111
11111110000000000110000011111111
11111111000000000000000011111111
11111111110000000000000011111111
11111111111000000000000011111111
11111111111111100000001111111111
