11111111111111111111111111111111
11111111111111000011111111111111
11111111111100000001111111111111
11111111111000000000111111111111
11111111111000000000011111111111
11111111110000000100011111111111
11111111100000011110001111111111
11111110000000111111000111111111
11111110000001111111100111111111
11111110000001111111100111111111
11111110000011111111100111111111
11111100000011111111000111111111
11111111000001111100000011111111
11111111000000100000000011111111
11111111000000000000000011111111
11111111000000000000000001111111
11111111000000000000000001111111
11111111100000000000000001111111
11111111110000000001100001111111
11111111110000000011110011111111
11111111110000000111110011111111
11111111111100000011111001111111
11111111111110000111111001111111
11111111111100000111110001111111
11111111111000001111100001111111
11111111111000011111100001111111
11111111111000001111000011111111
11111111111000000000000111111111
11111111111000000000001111111111
11111111111100000000001111111111
11111111111110000000111111111111
11111111111111111111111111111111
