11111111111111110000001111111111
11111111111111000000000111111111
11111111111100000000000011111111
11111111110000000000000011111111
11111111100000000111000001111111
11111111000000011111100001111111
11111110000000111111000001111111
11111110000011111111000011111111
11111100000111111111000011111111
11111100001111111110000011111111
11111100000111111100000111111111
11111100001111111000000111111111
11111100001111110000001111111111
11111100000000000000011111111111
11111110000000000000111111111111
11111110000000000011111111111111
11111111000000000011111111111111
11111111000000000011111111111111
11111110000000000001111111111111
11111110000011100000111111111111
11111100000111110000011111111111
11111100001111111000011111111111
11111100001111111000001111111111
11111110000111111110000011111111
11111111000111111111000011111111
11111111000011111111100011111111
11111111000001111111100011111111
11111111100000111111100001111111
11111111110000000000000011111111
11111111111100000000000011111111
11111111111100000000000011111111
11111111111111000000001111111111
