11111111111111111011111111111111
11111111111110000000000111111111
11111111111000000000000111111111
11111111110000000000000011111111
11111111100000000000000011111111
11111110000000111111000011111111
11111110000001111111100001111111
11111110000011111111100001111111
11111100000111111111100001111111
11111100000111111111100001111111
11111100000111111111000011111111
11111100000001111110000011111111
11111000000000111110000011111111
11111100000000001110000011111111
11111110001000000000000111111111
11111110001100000000001111111111
11111111111110000000011111111111
11111111111110000000111111111111
11111111111100000000111111111111
11111111111000000000111111111111
11111111110000000000001111111111
11111111110000001000001111111111
11111111100000111100000111111111
11111111100001111110000111111111
11111111100001111110000111111111
11111111100001111110000111111111
11111111100001111110000111111111
11111111110000011111000011111111
11111111110000000000000111111111
11111111111000000000000111111111
11111111111110000000001111111111
11111111111111000000011111111111
