11111111111111100000001111111111
11111111111000000000000011111111
11111111110000000000000011111111
11111111100000000000000001111111
11111111100000111111100001111111
11111111000000111111110001111111
11111100000011111111100001111111
11111000000011111110000001111111
11111110000011110000000001111111
11111111000011000000000001111111
11111111000000000000001111111111
11111111000000000001111111111111
11111111100000000001111111111111
11111111100000011111111111111111
11111111110000011111111111111111
11111111110000011111111111111111
11111111110000011111111111111111
11111111110000001111111111111111
11111111110000001111111111111111
11111111100000000111111111111111
11111111100000000111111111111111
11111111100001000011111111111111
11111111100001000001111111111111
11111111000011100000111111111111
11111111000011110000011111111111
11111111000011110000011111111111
11111111000001111000001111111111
11111111100000111100001111111111
11111111100000111100001111111111
11111111110000000000001111111111
11111111111100000000000111111111
11111111111111000000001111111111
