11111111111111111000000011111111
11111111111111100000000000111111
11111111111111000000000000111111
11111111111110000000000000111111
11111111111100000000000000011111
11111111111000000111111000011111
11111111111000001111110000011111
11111111111000001111110000011111
11111111111000001111110000111111
11111111111000001111100000111111
11111111111000011000000011111111
11111111111000000000000011111111
11111111100000000000000111111111
11111111100000000000000111111111
11111111000000000000000111111111
11111111000000000000011111111111
11111111000000000001111111111111
11111110000000000011111111111111
11111100000000000001111111111111
11111100000011100001111111111111
11111100000111100000111111111111
11111110000011110000011111111111
11111110000011110000011111111111
11111110000011110000011111111111
11111111000000110000011111111111
11111111100000011000011111111111
11111111110000000000001111111111
11111111111000000000001111111111
11111111111110000000001111111111
11111111111111000000001111111111
11111111111111111000011111111111
11111111111111111100111111111111
