11111111111111110000000001111111
11111111111110000000000000011111
11111111111100000000000000001111
11111111110000000000000000011111
11111111100000000000000000001111
11111111100000011111110000001111
11111111100000111111100000011111
11111111000000111111000000111111
11111111000000111000000001111111
11111111100000000000000001111111
11111111110000000000000011111111
11111111100000000000001111111111
11111111000000000000001111111111
11111111100000000000001111111111
11111111110000000000011111111111
11111111100000000001111111111111
11111111111000000001111111111111
11111111111000000001111111111111
11111111100000000011111111111111
11111111100000000001111111111111
11111111000000000000111111111111
11111111000001000000011111111111
11111110000011000000011111111111
11111110000011110000001111111111
11111110000011111000001111111111
11111110000001111000000111111111
11111110000001110000001111111111
11111110000000000000000111111111
11111111100000000000000111111111
11111111111100000000001111111111
11111111111100000000011111111111
11111111111111110001111111111111
