11111111111111111101111111111111
11111111111100000000001111111111
11111111111000000000000111111111
11111111110000000000000011111111
11111111100000000110000011111111
11111111100001111111100011111111
11111111100000111111110001111111
11111111100001111111100001111111
11111111100001111110000011111111
11111111100001111000000111111111
11111111100001100000000111111111
11111111110000000000011111111111
11111111110000000011111111111111
11111111111100000111111111111111
11111111110000000111111111111111
11111111100000000111111111111111
11111111000011000011111111111111
11111110000111000011111111111111
11111110000111100001111111111111
11111110001111100000111111111111
11111110001111111000011111111111
11111110001111111100001111111111
11111110001111111110000111111111
11111110001111111110000111111111
11111110000111111111000011111111
11111111000111111111000001111111
11111111000011111111100001111111
11111111110000111111110000111111
11111111111000000111110000111111
11111111111000000011110000111111
11111111111100000000000001111111
11111111111111110000000001111111
