11111111111111111011111111111111
11111111111111110000001111111111
11111111111111000000000011111111
11111111111111000000000011111111
11111111111110000000000001111111
11111111111110000000000001111111
11111111111110000011000001111111
11111111111110001111110001111111
11111111111100001111100001111111
11111111111100001111000001111111
11111111111110000111000001111111
11111111111110000100000001111111
11111111111110000000000011111111
11111111111000000000000111111111
11111111000000000000011111111111
11111110000000000011111111111111
11111110000000000011111111111111
11111110000001000011111111111111
11111110000011000011111111111111
11111100001111100011111111111111
11111100011111100001111111111111
11111110001111100001111111111111
11111110001111110001111111111111
11111111000111111000111111111111
11111111100011111000011111111111
11111111100001111000011111111111
11111111110000011100011111111111
11111111111000000000011111111111
11111111111000000000011111111111
11111111111111000000011111111111
11111111111111100000111111111111
11111111111111111101111111111111
