11111111111110000000001111111111
11111111111000000000000011111111
11111111100000000000000000011111
11111111000000000000000000111111
11111110000000000000000000111111
11111110000011111100000000111111
11111110000011111111000000111111
11111100000011111111000000111111
11111100000011111110000000111111
11111100000011111100000001111111
11111100000001111000000011111111
11111110000000011000000111111111
11111111000000000000001111111111
11111111000000000000011111111111
11111111100000000000111111111111
11111111111000000000111111111111
11111111111100000000011111111111
11111111111100000000001111111111
11111111111000000000000111111111
11111111110000010000000111111111
11111111110000011000000011111111
11111111100001111100000001111111
11111111000001111110000001111111
11111111000001111111000000111111
11111111000001111111000000111111
11111111000001111110000000111111
11111111000000111000000001111111
11111111000000000000000001111111
11111111000000000000000011111111
11111111100000000000000111111111
11111111100000000000011111111111
11111111111000000111111111111111
