11111111111111111111111111111111
11111111111110000000111111111111
11111111111100000000011111111111
11111111111000000000000111111111
11111111110000000000000111111111
11111111100000000110000011111111
11111111000000011111000011111111
11111110000011111111000011111111
11111100000111111111000011111111
11111100000111111111000011111111
11111100000111111110000011111111
11111110000011111100000111111111
11111110000001111000000111111111
11111111100000000000011111111111
11111111100000000000011111111111
11111111110000000000011111111111
11111111111100000000011111111111
11111111111100000000100111111111
11111111110000001000000011111111
11111111110000011100000011111111
11111111000000011110000001111111
11111111000001111111000001111111
11111110000011111111100000111111
11111110000111111111100000111111
11111110010011111111100000111111
11111110000111111111100000111111
11111111000011111111100000111111
11111110000000011111100001111111
11111111100000000000000001111111
11111111111000000000000011111111
11111111111100000000000011111111
11111111111111100000000111111111
