11111111111111111111000111111111
11111111111100111100000011111111
11111111110000000000000001111111
11111111000000000000000000111111
11111111000000000001110000111111
11111110000001100001111000111111
11111100000111110001110000111111
11111110001111111111100000111111
11111110001111111111000001111111
11111110001111111110000011111111
11111110000111111100000111111111
11111111000011110000001111111111
11111111000011000000111111111111
11111111000000000001111111111111
11111111100000000011111111111111
11111111100000001111111111111111
11111111000000001111111111111111
11111111000000001111111111111111
11111111000010000111111111111111
11111110001111000011111111111111
11111110001111100001111111111111
11111110001111110000111111111111
11111110001111110000111111111111
11111111001111111000011111111111
11111111000111111100001111111111
11111111000111111100001111111111
11111111000011111110000111111111
11111111100011111110001111111111
11111111100000010000001111111111
11111111110000000000001111111111
11111111111100000000011111111111
11111111111100000001111111111111
