11111111111111111000111111111111
11111111111111000000000011111111
11111111111110000000000011111111
11111111111000000000000011111111
11111111110000000000000001111111
11111111100000011110000001111111
11111111000001111111100001111111
11111111000011111111100001111111
11111111000111111111100001111111
11111111000011111110000011111111
11111111000011111110000011111111
11111111100001111000000111111111
11111111100001110000001111111111
11111111110000000000011111111111
11111111111000000000011111111111
11111111111000000000111111111111
11111111111000000000011111111111
11111111100000000000000111111111
11111111100000010000000011111111
11111111000001111100000001111111
11111110000011111111000001111111
11111110000111111111100000111111
11111110000111111111110000111111
11111110000111111111110000111111
11111110000111111111111000111111
11111111000001111111110000111111
11111111000000111111110000111111
11111111110000000011100000111111
11111111111000000000000001111111
11111111111110000000000001111111
11111111111111000000000111111111
11111111111111110000001111111111
