11111111111111000000011111111111
11111111111100000000000111111111
11111111111000000000000011111111
11111111110000000000000001111111
11111111000000000011000001111111
11111110000000000111100001111111
11111110000000001111110001111111
11111110000010011111110001111111
11111110000111111111100001111111
11111110000111111111000001111111
11111111000011111110000001111111
11111111100001111100000001111111
11111111100000000000000011111111
11111111100000000000000111111111
11111111110000000000011111111111
11111111110000000000111111111111
11111111100000000001111111111111
11111111000000000000111111111111
11111110000001100000011111111111
11111110000011111000000111111111
11111110000011111100000111111111
11111100000111111110000011111111
11111100000111111111000011111111
11111111000011111111100001111111
11111111000011111111100001111111
11111111000001111111100001111111
11111111100001111111000011111111
11111111100000111110000011111111
11111111111000000000000011111111
11111111111000000000000111111111
11111111111110000000001111111111
11111111111111000000011111111111
