11111111111111111000111111111111
11111111111111100000001111111111
11111111111110000000000111111111
11111111111000000000000111111111
11111111100000000000000011111111
11111111100000000000000011111111
11111111000000100001000011111111
11111111000011110001000011111111
11111111000011110011000111111111
11111110000111111111000111111111
11111110001111111100001111111111
11111110000111111100011111111111
11111110000011111000011111111111
11111111000000110000111111111111
11111111000000000000111111111111
11111111100000000001111111111111
11111111111000000000111111111111
11111111111100000000111111111111
11111111111110000000001111111111
11111111111100000000000111111111
11111111111000001100000011111111
11111111111000011110000001111111
11111111111000011111000001111111
11111111110000111111100001111111
11111111110000111111100001111111
11111111110000111111100001111111
11111111111000011111100001111111
11111111111000000111000001111111
11111111111100000000000001111111
11111111111110000000000011111111
11111111111111100000000111111111
11111111111111110000001111111111
