11111111111111111111111111111111
11111111111111110001111111111111
11111111111111000000001111111111
11111111111100000000000011111111
11111111111100000000000011111111
11111111111000000000000001111111
11111111100000011110000001111111
11111111000000111111000001111111
11111110000001111111100001111111
11111110000001111111100001111111
11111111000001111111100001111111
11111111100001111111000011111111
11111111100000111111000011111111
11111111100000001110000011111111
11111111111000000000000111111111
11111111111100000000001111111111
11111111111100000000001111111111
11111111111110000000011111111111
11111111111100000000011111111111
11111111111000000000001111111111
11111111110000000000001111111111
11111111100000011000000111111111
11111111100000111100000111111111
11111111100001111110000011111111
11111111100001111111000011111111
11111111100000111111000001111111
11111111110000011111000001111111
11111111111000001110000001111111
11111111111100000000000001111111
11111111111100000000000011111111
11111111111111100000001111111111
11111111111111111111111111111111
