11111111111111111111111111111111
11111111111111011111111111111111
11111111111100001111111111111111
11111111110000000001111111111111
11111111110000000000011111111111
11111110000000000000001111111111
11111100000001111000000111111111
11111100000011111100000111111111
11111100000011111100000111111111
11111100000111111100000111111111
11111100000111111000001111111111
11111110000011111000001111111111
11111111100000111000001111111111
11111111100000000000001111111111
11111111110000000000011111111111
11111111111000000000011111111111
11111111111000000000111111111111
11111111111000000000111111111111
11111111110000000000111111111111
11111111100000000000111111111111
11111111100000100000011111111111
11111111110000111100000111111111
11111111100001111110000011111111
11111111000011111111000001111111
11111111000011111111000001111111
11111111000011111111100001111111
11111111000001111111100000111111
11111111100000001111000000111111
11111111110000000000000001111111
11111111111100000000000000111111
11111111111111110000000111111111
11111111111111111111111111111111
