11111111111111111111111111111111
11111111111000001111111111111111
11111111110000000000011111111111
11111111100000000000000111111111
11111111100000110000000001111111
11111111100001111100000011111111
11111111000001111110000011111111
11111110000001111111000011111111
11111110000001111111000011111111
11111110000001111110000011111111
11111111000001111100000111111111
11111111000001111000001111111111
11111111100000110000011111111111
11111111100000000000011111111111
11111111110000000000111111111111
11111111111000000001111111111111
11111111111000000001111111111111
11111111111000000011111111111111
11111111110000000001111111111111
11111111100000110000011111111111
11111111100001111000001111111111
11111111000001111000001111111111
11111111000011111100000111111111
11111111000011111110000011111111
11111111000011111110000011111111
11111111000001111111000011111111
11111111000000111110000011111111
11111111100000000000000011111111
11111111100000000000000111111111
11111111111100000000000111111111
11111111111111110111111111111111
11111111111111111111111111111111
