11111111111100000001111111111111
11111111111100000000011111111111
11111111111000000000001111111111
11111111111000000000000111111111
11111111110000000000000011111111
11111100110000000000000011111111
11111100010000001100000011111111
11111000000000011100000011111111
11111000000000111110000001111111
11111000000000111100000011111111
11111100000000111000000011111111
11111110000000000000000011111111
11111111000000000000000111111111
11111111100000000000011111111111
11111111110000000000011111111111
11111111110000000000011111111111
11111111000000000001111111111111
11111111000000000000111111111111
11111111000000000000111111111111
11111111100000000000001111111111
11111111100000110000001111111111
11111111100001111000000111111111
11111111000001111100000011111111
11111111000001111110000001111111
11111111000001111110000001111111
11111111100000111111000000111111
11111111110000001110000000111111
11111111110000000000000000111111
11111111110000000000000000111111
11111111111000000000000001111111
11111111111111000000000011111111
11111111111111100000111111111111
