11111111111111111111111111111111
11111111111111100000001111111111
11111111111110000000001111111111
11111111111000000000000111111111
11111111100000001100000111111111
11111111000000111110000011111111
11111110000001111110000111111111
11111110000001111110000011111111
11111111000011111110000111111111
11111111100011111110000011111111
11111111110000111111000011111111
11111111110000011110000011111111
11111111111000000000000011111111
11111111111100000000000111111111
11111111111110000000000111111111
11111111111110000000001111111111
11111111111100000000011111111111
11111111111000000000001111111111
11111111110000000000000111111111
11111111110000011000000111111111
11111111100000111110000111111111
11111111000001111111000111111111
11111110000001111111000111111111
11111111000000111111100001111111
11111111000000111111100001111111
11111111100000111111110000111111
11111111100000011111100001111111
11111111110000000111000001111111
11111111111000000000000000111111
11111111111100000000000001111111
11111111111111111111011111111111
11111111111111111111111111111111
