11111111111111111111111011111111
11111111111111111000000000111111
11111111111111110000000000011111
11111111111000000000000000111111
11111111110000000000000000111111
11111111000000000000000000111111
11111110000000011110000001111111
11111110000001111110000011111111
11111100000011111100000011111111
11111110000111110000000111111111
11111100000111000000001111111111
11111100000000000000000111111111
11111100000000000000000111111111
11111111000000000000000011111111
11111111000000011110000011111111
11111111111111111110000001111111
11111111111111111111000001111111
11111111111111111111000001111111
11111111111111111111000001111111
11111111111111111111000001111111
11111111111111111111000001111111
11111111111111111110000001111111
11111111111111111110000001111111
11111111111111111110000011111111
11111111111111111110000111111111
11111111111111111100000111111111
11111111111111111000000111111111
11111111111111110000001111111111
11111111111111110000001111111111
11111111111111110000011111111111
11111111111111100000111111111111
11111111111111110011111111111111
