11111111111111000111111111111111
11111111111110000000111111111111
11111111111100000000011111111111
11111111110000000000000111111111
11111111100000000000000111111111
11111111100000001000000011111111
11111111100000011100000011111111
11111111100000111100000111111111
11111111100000111100000111111111
11111111100000011000000111111111
11111111110000000000000001111111
11111111111000000000000011111111
11111111111100000000000011111111
11111111111111110000000011111111
11111111111111111111100000111111
11111111111111111111110001111111
11111111111111111111110000111111
11111111111111111111110000111111
11111111111111111111110000111111
11111111111111111111111000011111
11111111111111111111111000011111
11111111111111111111111000011111
11111111111111111111111000011111
11111111111111111111111100001111
11111111100011111111111000011111
11111111000001111111111000011111
11111111000001111111111000011111
11111111100000001111100000011111
11111111110000000000000000011111
11111111111100000000000000111111
11111111111100000000000000111111
11111111111111110000000011111111
