11111111111111011111111111111111
11111111111000000000011111111111
11111111100000000000000011111111
11111111100000000000000001111111
11111111100000000000000001111111
11111110000001111110000001111111
11111110000011111111000001111111
11111110000011111111000001111111
11111110000011111111000001111111
11111110000011111110000011111111
11111110000011111100000011111111
11111111100000110000000011111111
11111111110000000000000001111111
11111111110000000000000001111111
11111111111000000000000001111111
11111111111110000000100001111111
11111111111111111111100000111111
11111111111111111111100000111111
11111111111111111111110000111111
11111111111111111111100001111111
11111111111111111111100001111111
11111111111111111111110000111111
11111111101111111111110000111111
11111110000111111111110000111111
11111110000111111111110000111111
11111110000111111111110000111111
11111110000111111111100000111111
11111111000001111111100000111111
11111111000000000000000001111111
11111111100000000000000011111111
11111111110000000000000011111111
11111111111110000000000011111111
