11111111111111000001111111111111
11111111111100000000001111111111
11111111111000000000000111111111
11111111111000000000000111111111
11111111110000000100000111111111
11111111110000111111000011111111
11111111110000111111000011111111
11111111110000111111000001111111
11111111110000111111000001111111
11111111110000111111000011111111
11111111111000011111100000111111
11111111111100001110000001111111
11111111111100000010000001111111
11111111111100000000000001111111
11111111111111000000000000111111
11111111111111000000000001111111
11111111111111111001110001111111
11111111111111111111110000111111
11111111111111111111110000111111
11111111111111111111110001111111
11111111111111111111110001111111
11111111111111111111110001111111
11111110011111111111110001111111
11111111001111111111111000111111
11111110000111111111110000111111
11111111000111111111110000111111
11111111100001111111110000111111
11111111100000011111000001111111
11111111100000000110000001111111
11111111111000000000000011111111
11111111111100000000000111111111
11111111111111000000001111111111
