11111111111111111111100001111111
11111111111111110000000000111111
11111111111111000000000000111111
11111111111110000000000000111111
11111111111100000000000001111111
11111111111000001111100000111111
11111111111000011111100000111111
11111111111000011111100001111111
11111111111000011111100001111111
11111111111000011111100000111111
11111111111000011111000000111111
11111111111000001111000000111111
11111111111100001100000000111111
11111111111100000000000000111111
11111111111110000000000000111111
11111111111111000000000000111111
11111111111111110001110000111111
11111111111111111111110000111111
11111111111111111111110000111111
11111111111111111111110000111111
11111111111111111111110000111111
11111111111111111111110000111111
11111111111111111111100000111111
11111110000111111111100000111111
11111100000011111111100001111111
11111100000001111111100001111111
11111110000000111111100001111111
11111111000000001111100001111111
11111111110000000000000001111111
11111111111111000000000011111111
11111111111111110000000011111111
11111111111111111110000111111111
