11111111111110111111111111111111
11111111111110000111111111111111
11111111110000000011111111111111
11111111100000000001111111111111
11111111100000000001111111111111
11111111110000000000011111111111
11111111100000000000001111111111
11111111100000000000000111111111
11111111100000011000000111111111
11111111100000111000000011111111
11111111110000011100000001111111
11111111110000011000000001111111
11111111110000001000000001111111
11111111110000000000000001111111
11111111111100000000000000111111
11111111111110000000000000111111
11111111111111000000000000111111
11111111111111000000000000111111
11111111111111111111100000111111
11111111111111111111110000011111
11111111111111111111110000011111
11111111111111111111110000011111
11111111111111111111110000011111
11111111111111111111110000001111
11111111111111111111110000001111
11111111101111111111110000001111
11111111000000000000000000011111
11111111000000000000000000111111
11111111100000000000000000011111
11111111110000000000000000111111
11111111111111000000000011111111
11111111111111110111111111111111
