11111111111111011111111111111111
11111111111000000000111111111111
11111111110000000000111111111111
11111111110000000000001111111111
11111111100000000000000111111111
11111111000000000000000111111111
11111111000000111000000111111111
11111111100000111110000011111111
11111111100001111111000011111111
11111111100001111110000011111111
11111111100001111110000111111111
11111111110001111111000011111111
11111111110001111111000011111111
11111111110000111110000011111111
11111111100000111110000011111111
11111111111000011100000001111111
11111111111000000000000001111111
11111111111000000000000001111111
11111111111110000000000000111111
11111111111110000000000000111111
11111111111111111111110000111111
11111111111111111111110000111111
11111111111111111111111000011111
11111111111111111111110000011111
11111111111111111111100000011111
11111111110001111111000000111111
11111111100000000000000000011111
11111111100000000000000000111111
11111111110000000000000001111111
11111111110000000000000001111111
11111111111100000000000111111111
11111111111100000000001111111111
