11111111111000000011111111111111
11111111100000000000111111111111
11111111100000000000000111111111
11111111000000000000000001111111
11111110000000000000000001111111
11111100000001100000000001111111
11111100000001111000000001111111
11111100000111111100000001111111
11111000000111111110000001111111
11111000001111111110000001111111
11111100000111111110000000111111
11111100000011111100000000111111
11111110000011111000000000111111
11111110000000000000000000111111
11111110000000000000000000111111
11111111000000000000000000111111
11111111110000000000000000111111
11111111111111110011000000111111
11111111111111111111000001111111
11111111111111111110000001111111
11111111111111111110000001111111
11111111111111111110000001111111
11111111111111111110000001111111
11111111111111111111000001111111
11111111111111111110000001111111
11111111111000111110000001111111
11111111100000000000000011111111
11111111100000000000000111111111
11111111100000000000000111111111
11111111100000000000000111111111
11111111100000000000111111111111
11111111110000000011111111111111
