11111111111101111111111111111111
11111111000000000111111111111111
11111111000000000000011111111111
11111110000000000000000011111111
11111110000000000000000011111111
11111110000000000000000011111111
11111110000001000000000011111111
11111100000011111000000011111111
11111110000001111110000001111111
11111110000001111110000001111111
11111110000011111100000001111111
11111110000000100000000001111111
11111110000000000000000001111111
11111110000000000000000001111111
11111111100000000000000000111111
11111111110000000000000001111111
11111111111110000000000001111111
11111111111111111111000001111111
11111111111111111111000000111111
11111111111111111111100000111111
11111111111111111111100000111111
11111111111111111111000000111111
11111111111111111111000001111111
11111111111111111110000001111111
11111111111111111100000001111111
11111111100001111100000001111111
11111111000000000000000011111111
11111111000000000000000011111111
11111111000000000000000011111111
11111111000000000000001111111111
11111111110000000000001111111111
11111111111000000011111111111111
