11111111111110011111111111111111
11111111110000000011111111111111
11111111100000000001111111111111
11111111000000000000001111111111
11111111000000000000111111111111
11111110000000000000001111111111
11111110000001110000001111111111
11111111000001111100000011111111
11111111000011111110000011111111
11111110000001111100000011111111
11111110000011111100000011111111
11111111000001111110000001111111
11111111000001111110000001111111
11111111000000111000000001111111
11111111000000111000000001111111
11111111110000000000000000111111
11111111110001000000000000111111
11111111111100000000000000111111
11111111111100000001100000011111
11111111111111111111100000111111
11111111111111111111100000111111
11111111111111111111100000011111
11111111111111111111100000011111
11111111111111111111000000011111
11111111111111111111000000111111
11111111111001111000000000111111
11111111110000000000000001111111
11111111110000000000000001111111
11111111100000000000000011111111
11111111100000000000001111111111
11111111111000000000001111111111
11111111111101111111111111111111
