11111111111110000111111111111111
11111111110000000011111111111111
11111111100000000001111111111111
11111111100000000000011111111111
11111111100000000000001111111111
11111111000000000000001111111111
11111111000000110000000111111111
11111111000010000100000111111111
11111111000011001111100011111111
11111111000011111111100011111111
11111111000011111111000011111111
11111111000011111111000001111111
11111111000011111111000011111111
11111111000011111110000011111111
11111111100001111100000001111111
11111111100000000000000001111111
11111111100000000000000011111111
11111111100000000000000001111111
11111111111000000001000001111111
11111111111111111111100001111111
11111111111111111111100001111111
11111111111111111111100001111111
11111111111111111111100001111111
11111111111111111111000001111111
11111111111111111111000001111111
11111111111111111110000001111111
11111111100000110000000011111111
11111111100000000000000011111111
11111111100000000000001111111111
11111111100000000000011111111111
11111111111000000001111111111111
11111111111111100001111111111111
