11111111100000011111111111111111
11111111100000001111111111111111
11111111100000001111111111111111
11111111000000000001111111111111
11111111000000000001111111111111
11111111000000000000111111111111
11111111000011000000011111111111
11111100000011100000000111111111
11111110000011110000000011111111
11111110000011110000000011111111
11111110000011110000000011111111
11111110000001100000000011111111
11111110000000000000000011111111
11111110000000000000000011111111
11111111100000000000000001111111
11111111110000000000000001111111
11111111111100000000000001111111
11111111111111111110000011111111
11111111111111111111000011111111
11111111111111111111100001111111
11111111111111111111100001111111
11111111111111111111100000111111
11111111111111111111100000111111
11111111111111111111100000111111
11111111111111111111100000111111
11111111111111111111110000011111
11111111111111111111110000011111
11111111110000000000000000001111
11111111100000000000000000001111
11111111100000000000000000001111
11111111100000000000000000111111
11111111110000000000000111111111
