11111111111011111111111111111111
11111111100000111111111111111111
11111111000000001111111111111111
11111111000000000011111111111111
11111110000000000011111111111111
11111110000000000011111111111111
11111111000011111000011111111111
11111111000011111000011111111111
11111111000011111000001111111111
11111111000011111000001111111111
11111111000011111100000111111111
11111111000011111100000111111111
11111111100011111100000111111111
11111111111000111100000011111111
11111111111000000000000011111111
11111111111100000000000011111111
11111111111100000000000011111111
11111111111110100000000001111111
11111111111111111111100001111111
11111111111111111111100001111111
11111111111111111111110000011111
11111111111111111111111000011111
11111111111111111111111000011111
11111111111111111111111000011111
11111111111111111111111000011111
11111111111111111111111000011111
11111111111111111111100000011111
11111111111111010000000000001111
11111111100000000000000000011111
11111111000000000000000000111111
11111111100000000000000011111111
11111111111110000000000111111111
