11111111111111110011111111111111
11111111111100000000001111111111
11111111111000000000000111111111
11111111100000000000000001111111
11111111000000000000000001111111
11111111000000000000000000111111
11111111000000011110000000111111
11111110000000111111000000111111
11111100000001111110000001111111
11111100000011111110000001111111
11111110000011111110000001111111
11111100000011111110000001111111
11111100000111111110000001111111
11111100000111111000000001111111
11111100000111110000000001111111
11111100000000000000000001111111
11111100000000000000000111111111
11111111000000000000001111111111
11111111000000000000001111111111
11111111110001100000001111111111
11111111111111100000011111111111
11111111111111000000011111111111
11111111111111000000111111111111
11111111111111000000111111111111
11111111111110000001111111111111
11111111111110000001111111111111
11111111111100000001111111111111
11111111111000000011111111111111
11111111111000000011111111111111
11111111111000000011111111111111
11111111111000000111111111111111
11111111111000001111111111111111
