11111111111111100000000011111111
11111111111111000000000001111111
11111111111100000000000000111111
11111111111000000000000000011111
11111111110000000000000000011111
11111111100000000001100000001111
11111111000000001111110000001111
11111111000000111111111000001111
11111110000000111111111000001111
11111110000000111111110000001111
11111100000011111111000000011111
11111100000011111100000000011111
11111100000000000000000000011111
11111100000000000000000000011111
11111100000000000000000000111111
11111110000000000000000000111111
11111111000000000000000001111111
11111111111000001110000001111111
11111111111111111100000011111111
11111111111111111100000011111111
11111111111111111000000111111111
11111111111111111000000111111111
11111111111111110000001111111111
11111111111111000000111111111111
11111111111111000000111111111111
11111111111110000001111111111111
11111111111110000001111111111111
11111111111110000001111111111111
11111111111100000011111111111111
11111111111100000011111111111111
11111111111100000011111111111111
11111111111100000111111111111111
