11111111111111100001111111111111
11111111111000000000001111111111
11111111110000000000000111111111
11111111100000000000000011111111
11111111100000000000000011111111
11111110000000011111000001111111
11111110000001111111000001111111
11111100000011111111000000111111
11111100000111111111100000111111
11111100001111111111000000111111
11111100001111111111000000111111
11111100001111111111000000111111
11111100000111111111000000111111
11111100000001111100000000111111
11111100000000000000000000111111
11111110000000000000000000111111
11111111100000000000100000111111
11111111110000000111100000111111
11111111111111111111100000111111
11111111111111111111100000111111
11111111111111111111100000111111
11111111111111111111100000111111
11111111111111111111100000111111
11111111111111111111100000111111
11111111110001111111100000111111
11111111100001111111100001111111
11111111100000011110000011111111
11111111100000001100000011111111
11111111110000000000000111111111
11111111110000000000000111111111
11111111111100000000011111111111
11111111111110000000111111111111
