11111111111000111111111111111111
11111111100000000111111111111111
11111111000000000011111111111111
11111110000000000001111111111111
11111100000000000000011111111111
11111100000011100000011111111111
11111100000011110000001111111111
11111100001111111000000111111111
11111100001111111000000111111111
11111100001111111000000011111111
11111110000111111100000001111111
11111110000001111000000001111111
11111110000000000000000000111111
11111111000000000000000000111111
11111111100000000000000000111111
11111111100000000111000000111111
11111111111111111111100000111111
11111111111111111111100000111111
11111111111111111111100000111111
11111111111111111111100000111111
11111111111111111111100000111111
11111111111111111111100000111111
11111110011111111111100000111111
11111111001111111111110000011111
11111110001111111111100000111111
11111110000111111111100000111111
11111110000011111111100001111111
11111110000000111110000001111111
11111111000000000000000011111111
11111111000000000000000011111111
11111111110000000000011111111111
11111111111100000000111111111111
