11111111111111110000111111111111
11111111111111110000111111111111
11111111111110000000011111111111
11111111111000000000011111111111
11111111100000000000111111111111
11111111100000000000110011111111
11111111000000001100000011111111
11111111000001111100000001111111
11111110000011111110000001111111
11111110100011111111000001111111
11111111000111111110000001111111
11111110000011111110000001111111
11111110000000000000000011111111
11111111000000000000000011111111
11111111000000000000000011111111
11111111100000000001000011111111
11111111110000000011100011111111
11111111111100011111100001111111
11111111111111111111110001111111
11111111111111111111110001111111
11111111111111111111110001111111
11111111111111111111100011111111
11111111111111111111100011111111
11111111111111111111100001111111
11111111111111111111110001111111
11111111111100111111110001111111
11111111111100011111100001111111
11111111111100000011100001111111
11111111111110000000000001111111
11111111111110000000000011111111
11111111111110000000000111111111
11111111111111110000011111111111
