11111111111110000011111111111111
11111111111000000000111111111111
11111111100000000000000111111111
11111111000000000000000111111111
11111111000000000000000011111111
11111110000001111100000001111111
11111110000011111111000001111111
11111100000011111111000001111111
11111100000011111111000000111111
11111100000011111111000000111111
11111100000011111111000000111111
11111110000000111000000000111111
11111100000000000000000000111111
11111111000000000000000000111111
11111111100000000000000000111111
11111111100000000000000000111111
11111111111111001111110000111111
11111111111111111111110000111111
11111111111111111111110000111111
11111111111111111111100000111111
11111111111111111111000001111111
11111111111111111111000001111111
11111111111111111100000011111111
11111111111111111000000011111111
11111111111111111000000111111111
11111111111111000000001111111111
11111111111111000000111111111111
11111111111100000001111111111111
11111111110000000111111111111111
11111111100000011111111111111111
11111111100001111111111111111111
11111111101111111111111111111111
