11111111111111111101111111111111
11111111111111110000011111111111
11111111111000000000000111111111
11111111100000000000001111111111
11111110000000000000001111111111
11111110000000001100000111111111
11111110000000011100000111111111
11111100000011111110000001111111
11111100000011111100000001111111
11111100000111111100000001111111
11111100000111110000000001111111
11111110000111110000000001111111
11111100000111110000001101111111
11111100000111100000010001111111
11111110000000000000100001111111
11111110000000000010000011111111
11111111000000001100000011111111
11111111100000010000000011111111
11111111111000011100000111111111
11111111111110111100000111111111
11111111111111110000001111111111
11111111111111110000001111111111
11111111111111110000001111111111
11111111111111110000111111111111
11111111111111100000111111111111
11111111111111100000111111111111
11111111111110000011111111111111
11111111111110000011111111111111
11111111111000001111111111111111
11111111111000001111111111111111
11111111110000111111111111111111
11111111110011111111111111111111
