11111111111100000011111111111111
11111111110000000000111111111111
11111111100000000000111111111111
11111111100000000000001111111111
11111111100000000000001111111111
11111111000001111000001111111111
11111111000001111100001111111111
11111110000111111100001111111111
11111100000011111111000011111111
11111100000011111110000011111111
11111100000011111110000011111111
11111100000011111100000011111111
11111110000001001000000001111111
11111110000000000000000001111111
11111111110000000000000000111111
11111111111000000000000000111111
11111111111100000000000000111111
11111111111111000001100001111111
11111111111111111111100001111111
11111111111111111111110000111111
11111111111111111111110000111111
11111111111111111111110000111111
11111111111111111111110000111111
11111111111111111111110000111111
11111111011111111111100000111111
11111111100001111111110000011111
11111111000001111111000000011111
11111111000000000000000000111111
11111111100000000000000001111111
11111111100000000000000001111111
11111111111100000000001111111111
11111111111111000000111111111111
