11111111111111110111111111111111
11111111111111000000011111111111
11111111111100000000000111111111
11111111111000000000000011111111
11111111100000000000000011111111
11111111100000001110000011111111
11111111000001111100000111111111
11111110000001111111000011111111
11111110000001111111000011111111
11111111000001111110000011111111
11111111000000111100000001111111
11111111000000010000000000111111
11111111110000000000000010011111
11111111110000000000011000111111
11111111110000000001110000111111
11111111111000000011110000111111
11111111111111111111110000111111
11111111111111111111110000111111
11111111111111111111111000111111
11111111111111111111111000111111
11111111111111111111100001111111
11111111111111111111100001111111
11111111111111111111100001111111
11111111111111111111100001111111
11111111111110111111100001111111
11111111111110111111100001111111
11111111111100000111100001111111
11111111111000000000000011111111
11111111111000000000000111111111
11111111111100000000000111111111
11111111111110000000011111111111
11111111111111110000111111111111
