11111111111111111100111111111111
11111111111110011000011111111111
11111111110000000000011111111111
11111111111000000000001111111111
11111111110000000000001111111111
11111111100000000000001111111111
11111111110000011000000111111111
11111111110000111000000111111111
11111111100001110000000111111111
11111111110000110000000011111111
11111111110000000000000011111111
11111111110000000000000011111111
11111111111000000000000011111111
11111111111100000000000011111111
11111111111110000000000011111111
11111111111111111111000011111111
11111111111111111111000001111111
11111111111111111111000011111111
11111111111111111111100001111111
11111111111111111111000001111111
11111111111111111111000011111111
11111111111111111111000001111111
11111111111111111111000001111111
11111111111111111110000001111111
11111111111111111111000001111111
11111111111111111110000011111111
11111111111111111100000011111111
11111111111111111000000011111111
11111111111000000000000011111111
11111111110000000000000111111111
11111111111000000000000111111111
11111111111100000000111111111111
