11111111111000000111111111111111
11111111110000000001111111111111
11111111100000000000111111111111
11111110000000000000011111111111
11111100000000000000001111111111
11111110000001111000000111111111
11111100000011111000000111111111
11111000000111111100000111111111
11111000000111111000000011111111
11111000001111111000000011111111
11111100000111111000000000111111
11111000000001000000000001111111
11111100000000000000000001111111
11111100000000000000000000111111
11111111000000000000100000011111
11111111110000000111100000011111
11111111111100001111100000011111
11111111111111111111110000011111
11111111111111111111110000011111
11111111111111111111111000001111
11111111111111111111111000001111
11111111111111111111111000001111
11111111111111111111111000001111
11111111101111111111111100000111
11111111000111111111111000000111
11111110000011111111111000001111
11111110000011111111110000001111
11111111000001111111000000011111
11111111100000000000000000011111
11111111100000000000000000111111
11111111110000000000000001111111
11111111111000000000000011111111
