11111111111100000000011111111111
11111111110000000000001111111111
11111111100000000000000111111111
11111111100000000000000111111111
11111111000000000000000111111111
11111111000000111100000111111111
11111111100000111111000001111111
11111111000001111111000001111111
11111111000001111111000000111111
11111111000001111111000000111111
11111111000001111111000000111111
11111111000000111110000000111111
11111111000000000000000000111111
11111111110000000000000000011111
11111111110000000000000000011111
11111111111000000000000000011111
11111111111100000000000000011111
11111111111111000001110000011111
11111111111111111111110000011111
11111111111111111111110000011111
11111111111111111111110000001111
11111111111111111111110000001111
11111111011111111111110000011111
11111110001111111111110000011111
11111110001111111111110000011111
11111100000111111111110000011111
11111110000001111111100000011111
11111111000000001111000000011111
11111111000000000000000000011111
11111111100000000000000000111111
11111111110000000000000001111111
11111111111100000000000011111111
