11111111111110000011111111111111
11111111111000000001111111111111
11111111111000000000111111111111
11111111110000000000111111111111
11111111100000000000111111111111
11111111000000010000110111111111
11111111000001111101000011111111
11111110000001111111000001111111
11111110000011111100000001111111
11111110000011111000000001111111
11111110000001100000000001111111
11111110000000000000000001111111
11111111000000000000000001111111
11111111000000000011000001111111
11111111111101111111000001111111
11111111111111111111000001111111
11111111111111111111000001111111
11111111111111111111000001111111
11111111111111111111000001111111
11111111111111111111000001111111
11111111111111111111000001111111
11111111111111111111000001111111
11111111111111111111000001111111
11111111111111111111000000111111
11111111111111111111000001111111
11111111111110111111000001111111
11111111111100011110000001111111
11111111110000000000000001111111
11111111110000000000000001111111
11111111111000000000000111111111
11111111111100000000111111111111
11111111111110000011111111111111
