11111111111111111111000000011111
11111111111111111100000000011111
11111111111111100000000000001111
11111111111110000000000000001111
11111111111100000000000000001111
11111111111000000000010000001111
11111111110000000001110000000111
11111111100000000111110000000111
11111111100000001111100000000111
11111111000000011100000000000111
11111110000000000000000000001111
11111100000000000000000000001111
11111110000000000000000000001111
11111111000000000000000000001111
11111111000000000011100000011111
11111111100000001111000000011111
11111111111111111111000000011111
11111111111111111111000000111111
11111111111111111111000000111111
11111111111111111110000001111111
11111111111111111110000001111111
11111111111111111110000001111111
11111111111111111100000001111111
11111111111111111000000111111111
11111111111111111000000111111111
11111111111111111000000111111111
11111111111111111000000111111111
11111111111111111000000111111111
11111111111111110000001111111111
11111111111111100000001111111111
11111111111111110000001111111111
11111111111111110000001111111111
