11111111111100001111111111111111
11111111110000000011111111111111
11111111000000000001111111111111
11111111100000000000011111111111
11111110000000000000001111111111
11111110000000000000000111111111
11111110000001110000000111111111
11111100000011110000000111111111
11111100000111110000000111111111
11111100000111111000000111111111
11111100000111110000000111111111
11111100000111110000000111111111
11111110000000000000000011111111
11111111000000000000000001111111
11111111000000000000000011111111
11111111100000000000000001111111
11111111111100000000000001111111
11111111111111011111000001111111
11111111111111111111000001111111
11111111111111111111000001111111
11111111111111111111000001111111
11111111111111111111100000111111
11111111111111111111100000111111
11111111111111111111100000111111
11111111111111111111100000111111
11111111000000000000000000111111
11111111000000000000000000011111
11111110000000000000000000111111
11111110000000000000000001111111
11111111000000000000000011111111
11111111110000001111111111111111
11111111111100111111111111111111
