11111111111111000001111111111111
11111111111110000000011111111111
11111111100000000000000111111111
11111111100000000000000011111111
11111110000000000000000011111111
11111110000000000000000001111111
11111110000000111000000000111111
11111110000000111110000000111111
11111110000001111100000000111111
11111100000001111110000001111111
11111100000011111110000001111111
11111110000011111110000001111111
11111110000001111110000001111111
11111111000000000000000011111111
11111111000000000000000011111111
11111111100000000000000011111111
11111111111100000000000011111111
11111111111110000000000001111111
11111111111111110000000011111111
11111111111111111110000011111111
11111111111111111110000011111111
11111111111111111110000011111111
11111111111111111110000011111111
11111111111111111110000011111111
11111110000001111110000011111111
11111110000000111110000011111111
11111110000000001110000011111111
11111110000000000000000011111111
11111110000000000000000011111111
11111111100000000000000011111111
11111111100000000000000011111111
11111111111111100000011111111111
