11111111111111111011111111111111
11111111111100000000011111111111
11111111111000000000001111111111
11111111111000000000000011111111
11111111100000011111000011111111
11111111000000111111100011111111
11111110000011111111100001111111
11111110000111111111100001111111
11111100001111111111000001111111
11111100001111111111000001111111
11111000011111111110000001111111
11111000011111111110000001111111
11111100001111111111000001111111
11111100000111111110000001111111
11111110000000100000000001111111
11111110000000000000000001111111
11111111000000000000000001111111
11111111100000000001100001111111
11111111111000000111100001111111
11111111111111111111100001111111
11111111111111111111100001111111
11111111111111111111111000111111
11111111111111111111110000111111
11111111111111111111111000111111
11111111111111111111111000111111
11111111111111111111111000011111
11111111111111111111111000011111
11111111111111111111111000011111
11111111111100000111111000011111
11111111111000000000000000011111
11111111111100000000000000011111
11111111111110011100000000011111
