11111111111111001111111111111111
11111111110000000011111111111111
11111111100000000001111111111111
11111111100000000000001111111111
11111111100000000000001111111111
11111111000001111000000111111111
11111110000011111100000011111111
11111110000111111100000011111111
11111111000011111110000001111111
11111111000011111110000001111111
11111111000011111100000001111111
11111111000111111100000001111111
11111111000111111000000001111111
11111111000011100000000001111111
11111111100000000000000000111111
11111111100000000000100000111111
11111111111100000111110000111111
11111111111110111111110000111111
11111111111111111111110000111111
11111111111111111111111000011111
11111111111111111111111000011111
11111111111111111111111000011111
11111111111111111111111000011111
11111111111111111111110000011111
11111111001111111111110000111111
11111111100001111111111000111111
11111111100001111111110000111111
11111111000001111111000000111111
11111111100000111000000011111111
11111111100000000000000011111111
11111111111000000000000111111111
11111111111100000000001111111111
