11111111111000000001111111111111
11111111110000000000001111111111
11111111110000000000000111111111
11111111100000000000000011111111
11111111100000011100000001111111
11111111000000111110000000111111
11111110000011111111000001111111
11111110000011111111000000111111
11111100000111111111000000111111
11111100000111111111000000111111
11111100000111111110000000111111
11111100000111111100000000111111
11111100000111111000000000111111
11111100000011000000000001111111
11111100000000000000000001111111
11111100000000000001000001111111
11111110000000000011000001111111
11111111000000000111000000111111
11111111111000111111000000111111
11111111111111111111100000111111
11111111111111111111000001111111
11111111111111111111000001111111
11111111111111111111000001111111
11111111111111111111100000111111
11111111111111111111100000111111
11111111111111111111100000111111
11111111111110111111100000111111
11111111111000011111000001111111
11111111110000000000000001111111
11111111110000000000000001111111
11111111111000000000000011111111
11111111111100000000000011111111
