11111111111111001111111111111111
11111111111100000001111111111111
11111111111000000000111111111111
11111111111000000000111111111111
11111111110000000000011111111111
11111111100000111100001111111111
11111111000001111100011111111111
11111111000011111110001111111111
11111111000111111110001111111111
11111111000111111111000111111111
11111111000111111111000001111111
11111111000111111111100001111111
11111111000111111111100001111111
11111110000111111111000001111111
11111110000111111111000001111111
11111110000111111100000001111111
11111110000001100000000001111111
11111111000000000000000000111111
11111111100000000001100000111111
11111111110000000111100000111111
11111111111111111111100001111111
11111111111111111111100001111111
11111111111111111111100001111111
11111111111111111111100001111111
11111111111111111111100001111111
11111111111111111111110001111111
11111111111111111111110001111111
11111111111111111111100011111111
11111111111100011111000011111111
11111111111000000000000011111111
11111111111000000000000111111111
11111111111110000000000111111111
