11111111111110000011111111111111
11111111111000000000111111111111
11111111110000000000011111111111
11111111100000111100011111111111
11111111000000111110001111111111
11111111000011111110001111111111
11111111000111111111000111111111
11111111000111111111000111111111
11111111000111111110000111111111
11111110000111111110000011111111
11111100001111111100000111111111
11111110001111111100000111111111
11111110001111111100000111111111
11111110001111111100000111111111
11111110000111111100000111111111
11111110000111111100000111111111
11111111000011110000000111111111
11111111100000000000000111111111
11111111100000000000000111111111
11111111111000000111000011111111
11111111111110001111100011111111
11111111111111111111110011111111
11111111111111111111100011111111
11111111111111111111100011111111
11111111111111111111100001111111
11111111111111111111110001111111
11111111111111111111110001111111
11111111111111111111110001111111
11111111111000000000000001111111
11111111110000000000000001111111
11111111110000000000000011111111
11111111111100000000011111111111
