11111111111111111111000001111111
11111111111111111000000000011111
11111111111111100000000000001111
11111111111110000000000000011111
11111111111100000011111000001111
11111111111000000111111000001111
11111111110000001111111100001111
11111111100001111111111000011111
11111111100001111111100000011111
11111111100001111111100000111111
11111111000011111111000000011111
11111111000011110000000000011111
11111111000000000000000000011111
11111111000000000000000000111111
11111111100000000000000000111111
11111111111000000001100001111111
11111111111110011111100001111111
11111111111111111111100001111111
11111111111111111111000011111111
11111111111111111111000011111111
11111111111111111111000011111111
11111111111111111111000111111111
11111111111111111100001111111111
11111111111111111100001111111111
11111111111111111000001111111111
11111111111111111000001111111111
11111111111111110000111111111111
11111111111111110000111111111111
11111111111111110000111111111111
11111111111111100000111111111111
11111111111111100111111111111111
11111111111111100111111111111111
