11111111111111111111111111111111
11111111111000000000111111111111
11111111111000000000011111111111
11111111100000000000001111111111
11111111000000000000001111111111
11111111000000000000000011111111
11111111000011111000000001111111
11111110000011111100000000111111
11111110000011111100000000111111
11111110000011111110000000011111
11111111000011111111000000111111
11111111000001111111000000111111
11111110000001111100000001111111
11111110000000110000000001111111
11111111100000000000000000111111
11111111100000000000000000111111
11111111110000000000000000111111
11111111111110000111000000111111
11111111111111111111000000111111
11111111111111111111000000111111
11111111111111111111100000111111
11111111111111111111000001111111
11111111111111111111000001111111
11111100000111111110000001111111
11111100000011111110000001111111
11111100000011111110000001111111
11111110000001111100000011111111
11111111000000000000000111111111
11111111000000000000000111111111
11111111000000000000011111111111
11111111110000000001111111111111
11111111111100000011111111111111
