11111111111110000111111111111111
11111111111100000111111111111111
11111111110000000000111111111111
11111111110000000000111111111111
11111111100000000000011111111111
11111111100000000000001111111111
11111111000011110000001111111111
11111111000011110000001111111111
11111111010011111000001111111111
11111111000011111000001111111111
11111111000011111000000111111111
11111111000011110000000111111111
11111111000000000000000111111111
11111110000000000000001111111111
11111111000000000000001111111111
11111111100000000000001111111111
11111111111111111100000111111111
11111111111111111110000111111111
11111111111111111110000111111111
11111111111111111110000111111111
11111111111111111100000111111111
11111111111111111110000011111111
11111111111111111111000011111111
11111100011111111111000011111111
11111100001111111111000011111111
11111000000011111111100011111111
11111100000000111111100001111111
11111110000000000000000011111111
11111111100000000000000011111111
11111111110000000000000011111111
11111111111000000000000011111111
11111111111111100000000111111111
