11111111111111100111111111111111
11111111111110000001111111111111
11111111111000000001111111111111
11111111110000000000011111111111
11111111110000000000001111111111
11111111100000000000001111111111
11111111110000011110000111111111
11111111110000111110000111111111
11111111110000111100001111111111
11111111111000011110000111111111
11111111111000000000000011111111
11111111111000000000000011111111
11111111111100000000000001111111
11111111111111000000000001111111
11111111111111100000000001111111
11111111111111111111110000111111
11111111111111111111110000111111
11111111111111111111110000111111
11111111111111111111111000011111
11111111111111111111111000011111
11111111111111111111111000011111
11111111111111111111111100001111
11111111111111111111111100001111
11111111111111111111111100001111
11111111110001111111111110000111
11111111110001111111111110000111
11111111110000111111111110000111
11111111110000000000000000000011
11111111110000000000000000000011
11111111111000000000000000000111
11111111111111000000000000000011
11111111111111110000000000001111
