11111111111110001111111111111111
11111111111110000001111111111111
11111111111000000001111111111111
11111111110000000000111111111111
11111111100000000000111111111111
11111111100000000000011111111111
11111110000000001000011111111111
11111110000000011100011111111111
11111111000000011110001111111111
11111110000000111110001111111111
11111110000001111110001111111111
11111111000000111110000011111111
11111111000000111110000011111111
11111111000000000000000001111111
11111111000000000000000001111111
11111111100000000000000000111111
11111111110000000000000000111111
11111111111100000000000000111111
11111111111111000000000000011111
11111111111111110011100000011111
11111111111111111111100000111111
11111111111111111111100000111111
11111111111111111111110000011111
11111111100011111111100000111111
11111111100011111111000000111111
11111111100001111111100000111111
11111111110000011111000000111111
11111111110000000000000000111111
11111111111000000000000000111111
11111111111000000000000001111111
11111111111100000000000001111111
11111111111111110111001111111111
