11111111111100000000111111111111
11111111110000000000011111111111
11111111100000000000001111111111
11111111100000000000000011111111
11111111000000000000000011111111
11111110000000001110000011111111
11111110000000011110000011111111
11111111000000011110000011111111
11111110000001111110000011111111
11111110000011111110000011111111
11111110000111111100000011111111
11111111000011111110000001111111
11111110000001111110000001111111
11111111000000000000000001111111
11111111000000000000000011111111
11111111110000000000000001111111
11111111111000000000000001111111
11111111111100000001000001111111
11111111111111111011100000111111
11111111111111111111100000111111
11111111111111111111100000111111
11111111111111111111100000111111
11111111111111111111110000011111
11111111111111111111110000011111
11111111111111111111100000111111
11111111111111111111000000111111
11111111111111111111000000011111
11111111111111101010000000111111
11111111110000000000000000111111
11111111100000000000000001111111
11111111100000000000000001111111
11111111110000000000000011111111
