11111111111100000111111111111111
11111111110000000001111111111111
11111111100000000000111111111111
11111111100000000000001111111111
11111111100000011000000111111111
11111111100001111110000111111111
11111111000011111110000111111111
11111111000111111110000111111111
11111111000111111110000111111111
11111110000011111110000111111111
11111110000011111110000111111111
11111110000001111111000011111111
11111100000000111111000011111111
11111100001100011111000011111111
11111110000010011110000011111111
11111110000000011000000001111111
11111111000000000000000001111111
11111111100000000000000001111111
11111111111000000001100001111111
11111111111111111111110001111111
11111111111111111111110000111111
11111111111111111111110000111111
11111111111111111111111000111111
11111111111111111111111000111111
11111111111111111111111000111111
11111111111111111111111000111111
11111111100001111111110000111111
11111111100000011111110001111111
11111111100000000110000001111111
11111111100000000000000011111111
11111111111100000000000011111111
11111111111111000000000111111111
