11111111111111111011111111111111
11111111111111000000111111111111
11111111111100000000011111111111
11111111110000000000001111111111
11111111100000000000001111111111
11111111100000111110000111111111
11111111000001111110000011111111
11111110000111111110000011111111
11111110001111111110000011111111
11111100001111111110000011111111
11111100001111111111000011111111
11111100011111111111000001111111
11111110001111111111000001111111
11111110000111111111100001111111
11111111100011111111100001111111
11111111100000111111100001111111
11111111100000001110000000111111
11111111110000000000000000111111
11111111111000000000000000111111
11111111111110000000000000111111
11111111111111111111110000111111
11111111111111111111110000111111
11111111111111111111110000111111
11111111111111111111110000111111
11111111111111111111110000111111
11111111111110011111110000111111
11111111111100000011110000111111
11111111111100000011100001111111
11111111111100000000000001111111
11111111111100000000000001111111
11111111111111000000000011111111
11111111111111100000001111111111
