11111111111111001111111111111111
11111111111100000001111111111111
11111111110000000000111111111111
11111110000000000000111111111111
11111110000011100000011111111111
11111100001111111000011111111111
11111100001111110000011111111111
11111100001111100000011111111111
11111100001111100000001111111111
11111110001111110000001111111111
11111110000111111000001111111111
11111110000111111100000111111111
11111110000011111100000011111111
11111110000111111100000011111111
11111111000011110000000011111111
11111111100000000000000011111111
11111111110000000001100001111111
11111111110000000011100000111111
11111111111000001111100000111111
11111111111111111111110000111111
11111111111111111111110000111111
11111111111111111111110000111111
11111111111111111111110000111111
11111111111111111111110000111111
11111111111111111111110000111111
11111111111111111111100000111111
11111111111011111111100001111111
11111111110001111111100001111111
11111111100001111110000011111111
11111111110000000000000111111111
11111111100000000000011111111111
11111111110000000001111111111111
