11111111111111100011111111111111
11111111111111000011111111111111
11111111111100000001111111111111
11111111111000000001111111111111
11111111111000000000111111111111
11111111100000000001111111111111
11111111100000000001111111111111
11111111000000000001100011111111
11111111000000000011000000011111
11111111000000110000000000011111
11111110000000000000000000111111
11111110000000000000000000111111
11111110000000000000000000111111
11111110000000000000000000111111
11111111000000000000000000111111
11111111111000000000000000111111
11111111111111001111000000111111
11111111111111111111000000111111
11111111111111111111000000111111
11111111111111111111000001111111
11111111111111111111000001111111
11111111111111111111000001111111
11111111111111111111000001111111
11111111111111111100000011111111
11111111111111111000000111111111
11111111111111110000000111111111
11111111111111000000000111111111
11111111111111000000000111111111
11111111111110000000111111111111
11111111111100000001111111111111
11111111111110000111111111111111
11111111111110001111111111111111
