11111111111111111100111111111111
11111111110000000000011111111111
11111111100000000000001111111111
11111110000000000000000111111111
11111110000000000000000111111111
11111110000001110000000111111111
11111100000011100000000111111111
11111100000000000000000111111111
11111110000000000000000011111111
11111111000000000000000011111111
11111111000000000100000011111111
11111111110001111110000011111111
11111111111111111110000011111111
11111111111111111110000011111111
11111111111111111111000000111111
11111111111111111111000000111111
11111111111111111111000000111111
11111111111111111111000000111111
11111111111111111111000000111111
11111111111111111111100000011111
11111111111111111111110001011111
11111111111111111111110011011111
11111111111111111111100000011111
11111111111111111111100000011111
11111111111111111111100000011111
11111111111111111111100000001111
11111111111111111110000000011111
11111111111111110000000001111111
11111111100000000000000011111111
11111111100000000000011111111111
11111111110000000000001111111111
11111111110000000000111111111111
