11111111111111000000111111111111
11111111111110000000011111111111
11111111111000000000001111111111
11111111111000000000000011111111
11111111111000000000000011111111
11111111110000000000000001111111
11111111110000000100000001111111
11111111110000011110000011111111
11111111111000001110000000111111
11111111111000001100000000111111
11111111111000000000000000111111
11111111111000000000000000111111
11111111111100000000000000111111
11111111111110000000000000111111
11111111111111100000010000011111
11111111111111110000110000011111
11111111111111111111110000011111
11111110111111111111110000011111
11111100011111111111110000011111
11111100000111111111111000001111
11111110000111111111110000011111
11111110000111111111110000011111
11111110000111111111110000011111
11111110000011111111100000111111
11111110000001111111100000111111
11111111100000111111100000011111
11111111100000011111100000011111
11111111110000000000000000111111
11111111111000000000000000111111
11111111111000000000000001111111
11111111111110000000000001111111
11111111111111100000000011111111
