00000000000000111000000000000000
00000000111000000100000000000000
00000011000000000000000000000000
00000100000000000010000000000000
00000000000000000010000000000000
00000000000000000000000000000000
00000000000000000001000000000000
00000000000000000001000000000000
00000000000000000001000000000000
00000000000000000001000000000000
00000000000000000001000000000000
00000000000000000001000000000000
00000000000000000001000000000000
00000000000000000001000000000000
00000000000000000001000000000000
00000000000000000010000000000000
00000000000000000010000000000000
00000000000000000000000000000000
00000000000000000100000000000000
00000000000000000100000000000000
00000000000000001000000000000000
00000000000000000000000000000000
00000000000000010000000000000000
00000000000000100000000000000000
00000000000001001111111100000000
00000000000111100000000001111000
00000111110100000000000000000011
00100000001000000000000000000000
01000000010000000000000000000000
01000000100000000000000000000000
00110001000000000000000000000000
00001100000000000000000000000000
